9.996544515685278354e-01
9.913732238098190708e-01
9.721393045257274990e-01
9.421651900593899231e-01
9.017820344319270598e-01
8.514359907527695448e-01
7.916832821200381343e-01
7.231840564676710326e-01
6.466950932509533123e-01
5.630614425469779860e-01
4.732070889412700043e-01
3.781247433459447027e-01
2.788648755294057535e-01
1.765241085261809451e-01
7.223310314547573552e-02
-3.285593356961841183e-02
-1.375819779257052844e-01
-2.407880165690289842e-01
-3.413338291691719317e-01
-4.381085855734466183e-01
-5.300431182585766399e-01
-6.161217344936672502e-01
-6.953934377136375966e-01
-7.669824341294193548e-01
-8.300978084978732907e-01
-8.840422621535055647e-01
-9.282198167642375930e-01
-9.621423987001012090e-01
-9.854352312707793660e-01
-9.978409752585375436e-01
-9.992225720019373147e-01
-9.895647576199505524e-01
-9.689742316473179962e-01
-9.376784782180751510e-01
-8.960232528208024183e-01
-8.444687623919385766e-01
-7.835845809494774716e-01
-7.140433569391275714e-01
-6.366133818141904710e-01
-5.521501019514603037e-01
-4.615866676795335466e-01
-3.659236238338349212e-01
-2.662178557371204790e-01
-1.635709127302827082e-01
-5.911683825506265644e-02
4.599035905807014046e-02
1.505894548774278641e-01
2.535248383767091940e-01
3.536592794235693393e-01
4.498864926982982237e-01
5.411433599342032608e-01
6.264216752483696693e-01
7.047792838004112159e-01
7.753504907192919626e-01
8.373556253003823224e-01
8.901096548075300152e-01
9.330297527148245784e-01
9.656417377741464136e-01
9.875853127696688771e-01
9.986180450815483889e-01
9.986180450815484999e-01
9.875853127696689882e-01
9.656417377741471908e-01
9.330297527148249115e-01
8.901096548075304593e-01
8.373556253003838767e-01
7.753504907192926288e-01
7.047792838004132143e-01
6.264216752483704465e-01
5.411433599342040379e-01
4.498864926983006662e-01
3.536592794235702830e-01
2.535248383767118585e-01
1.505894548774305841e-01
4.599035905807111885e-02
-5.911683825505990864e-02
-1.635709127302817367e-01
-2.662178557371195353e-01
-3.659236238338323677e-01
-4.615866676795326584e-01
-5.521501019514579722e-01
-6.366133818141882506e-01
-7.140433569391269053e-01
-7.835845809494758063e-01
-8.444687623919381325e-01
-8.960232528208011971e-01
-9.376784782180741518e-01
-9.689742316473177741e-01
-9.895647576199501083e-01
-9.992225720019373147e-01
-9.978409752585376546e-01
-9.854352312707799211e-01
-9.621423987001014311e-01
-9.282198167642385922e-01
-8.840422621535060088e-01
-8.300978084978738458e-01
-7.669824341294211312e-01
-6.953934377136395950e-01
-6.161217344936680274e-01
-5.300431182585789713e-01
-4.381085855734490608e-01
-3.413338291691728199e-01
-2.407880165690299279e-01
-1.375819779257080044e-01
-3.285593356961850203e-02
7.223310314547387589e-02
1.765241085261782250e-01
2.788648755294056425e-01
3.781247433459438145e-01
4.732070889412675618e-01
5.630614425469749884e-01
6.466950932509525352e-01
7.231840564676697003e-01
7.916832821200359138e-01
8.514359907527691007e-01
9.017820344319261716e-01
9.421651900593890350e-01
9.721393045257274990e-01
9.913732238098188487e-01
9.996544515685278354e-01
9.968914967963335982e-01
9.831148846179741385e-01
9.584768190468628823e-01
9.232495014351257412e-01
8.778221231930204427e-01
8.226965660021843263e-01
7.584818570267304327e-01
6.858874403810508724e-01
6.057153391911431761e-01
5.188512948429787608e-01
4.262549813115449893e-01
3.289494026826350614e-01
2.280095910035365714e-01
1.245507293288201922e-01
1.971583117779666938e-02
-8.533688747903703242e-02
-1.894468041901996302e-01
-2.914637125802503892e-01
-3.902605298299840486e-01
-4.847457486876069477e-01
-5.738754964410077708e-01
-6.566650676236291950e-01
-7.321998030406281499e-01
-7.996451949237876056e-01
-8.582561065734594097e-01
-9.073850046289472226e-01
-9.464891130171644296e-01
-9.751364095427690337e-01
-9.930103988694495287e-01
-9.999136091604433618e-01
-9.957697737474195954e-01
-9.806246737246432366e-01
-9.546456321594382066e-01
-9.181196655069130408e-01
-8.714503126521269127e-01
-8.151531766124202605e-01
-7.498502281552034132e-01
-6.762629342648330821e-01
-5.952042873752481089e-01
-5.075698234294424571e-01
-4.143277279982426897e-01
-3.165081397659585405e-01
-2.151917695580522483e-01
-1.114979606477876917e-01
-6.572322251558826087e-03
9.842592716189127455e-02
2.023367669172938810e-01
3.040121900414349820e-01
4.023288864443886337e-01
4.962006532495481514e-01
5.845903951631605810e-01
6.665215823033069364e-01
7.410890389021732583e-01
8.074689436880634341e-01
8.649279314629468862e-01
9.128311953212676633e-01
9.506494999967293191e-01
9.779650288536052560e-01
9.944759999249866977e-01
1.000000000000000000e+00
