3.338084030614600628e-02
2.210498418767464432e-02
1.055727118665128472e-02
-1.134327367050293883e-03
-1.284026947573633538e-02
-2.443085393543634187e-02
-3.577763531183602436e-02
-4.675482845440708662e-02
-5.724068843629407516e-02
-6.711885158618506597e-02
-7.627962312975339332e-02
-8.462119696167710869e-02
-9.205079324326378987e-02
-9.848569996155101536e-02
-1.038542052295403362e-01
-1.080964081657400377e-01
-1.111648975279448531e-01
-1.130252888590879967e-01
-1.136566129006135184e-01
-1.130515500463246670e-01
-1.112165079793445005e-01
-1.081715418947134938e-01
-1.039501190642344586e-01
-9.859873167695165641e-02
-9.217636389142142006e-02
-8.475382094319144910e-02
-7.641292950746221557e-02
-6.724561988023586290e-02
-5.735290145981702947e-02
-4.684374372992212987e-02
-3.583387522990402058e-02
-2.444451373409279107e-02
-1.280104066055330440e-02
-1.031632849659799974e-03
1.073413457247160939e-02
2.236670090920800033e-02
3.373793438254057975e-02
4.472253440418868381e-02
5.519940763790294469e-02
6.505300324927570932e-02
7.417459302250666020e-02
8.246348188782606781e-02
8.982813442152443040e-02
9.618720372712044608e-02
1.014704494165370591e-01
1.056195327582465648e-01
1.085886783278193490e-01
1.103451931231199112e-01
1.108698361701943025e-01
1.101570336662430899e-01
1.082149370861475307e-01
1.050653238607913015e-01
1.007433428827852334e-01
9.529710875172271722e-02
8.878715119518368337e-02
8.128572750920494416e-02
7.287600750266876037e-02
6.365114173183480939e-02
5.371322436855185956e-02
4.317216307871045433e-02
3.214446870598552941e-02
2.075197772219442016e-02
9.120520262017445950e-03
-2.621452343894169895e-03
-1.434426746816053200e-02
-2.591844496498976053e-02
-3.721611096681608916e-02
-4.811239763540296061e-02
-5.848681485600377983e-02
-6.822457942796275598e-02
-7.721788718610618496e-02
-8.536711375090835774e-02
-9.258192946829642278e-02
-9.878231503459113105e-02
-1.038994646570596814e-01
-1.078765649625043482e-01
-1.106694391593546906e-01
-1.122470477201118338e-01
-1.125918387909997931e-01
-1.116999437050978372e-01
-1.095812153225263486e-01
-1.062591090784031495e-01
-1.017704092702457902e-01
-9.616480479712348484e-02
-8.950432094700687402e-02
-8.186261544887422914e-02
-7.332414817631843773e-02
-6.398323558053108095e-02
-5.394300134252712209e-02
-4.331423561046390813e-02
-3.221417562858814448e-02
-2.076522056407351102e-02
-9.093594022206713881e-03
2.672032571190312029e-03
1.440194241246383310e-02
2.596678772497032842e-02
3.723900250785554256e-02
4.809419960563909857e-02
5.841253785459927378e-02
6.808004490902709593e-02
7.698988129396321101e-02
8.504353117975861631e-02
9.215190574323917083e-02
9.823634543718523515e-02
1.032295083113855122e-01
1.070761326841974947e-01
1.097336638657529506e-01
1.111727364650124117e-01
1.113775056873745894e-01
1.103458233459574528e-01
1.080892565208239758e-01
1.046329491671651318e-01
1.000153292774091235e-01
9.428766628787497994e-02
8.751348543342669928e-02
7.976784738121565910e-02
7.113650297887996743e-02
6.171493400138844398e-02
5.160729164767118016e-02
4.092524523701430300e-02
2.978675380055333458e-02
1.831477367762494868e-02
6.635915323650586409e-03
-5.120937369305325788e-03
-1.682603171722421229e-02
-2.835016126687572163e-02
-3.956607738932992752e-02
-5.034988339711626154e-02
-6.058239695799132879e-02
-7.015046637162966614e-02
-7.894822622908775900e-02
-8.687827802924324994e-02
-9.385278159310263268e-02
-9.979444375262451483e-02
-1.046373915455416637e-01
-1.083279183748582231e-01
-1.108250930727548572e-01
-1.121012235984419902e-01
-1.121421690691799117e-01
-1.109474961376673563e-01
-1.085304779185813223e-01
-1.049179360974655389e-01
-1.001499290332956427e-01
-9.427929082006285266e-02
-8.737102842981633866e-02
-7.950158508018156933e-02
-7.075798012019170191e-02
-6.123683644117377395e-02
-5.104330699813722921e-02
-4.028991322237120837e-02
-2.909530793080554109e-02
-1.758297586896854364e-02
-5.879885166758577059e-03
5.884897110617036409e-03
1.758161159372915311e-02
2.908122185154262546e-02
4.025682470913672512e-02
5.098504106131410835e-02
6.114737331095186634e-02
7.063151492018608646e-02
7.933259739797912657e-02
8.715436059407638547e-02
9.401023200463730356e-02
9.982430172218149933e-02
1.045321803708409159e-01
1.080817286836332075e-01
1.104336488226428103e-01
1.115619294617318652e-01
1.114541385751733615e-01
1.101115601816273770e-01
1.075491736203431775e-01
1.037954762259227365e-01
9.889215250094524068e-02
9.289359510898231864e-02
8.586628462230945502e-02
7.788803702204195878e-02
6.904712892737084606e-02
5.944131157018531925e-02
4.917672572672084075e-02
4.340533771271985058e-02
