5.311689571789121600e-02
4.670722436798368377e-02
3.976569089928205791e-02
3.236932517971973650e-02
2.460016930687862827e-02
1.654438145284315917e-02
8.291292882860097982e-03
-6.757220741988139692e-05
-8.439503809997727854e-03
-1.673162940598759557e-02
-2.485194215541050577e-02
-3.271032235454816861e-02
-4.021954033651070626e-02
-4.729622896185046305e-02
-5.386181403355613101e-02
-5.984339138988821472e-02
-6.517454005199739553e-02
-6.979606161854202961e-02
-7.365663718273371408e-02
-7.671339414827436920e-02
-7.893237668826123821e-02
-8.028891492443560041e-02
-8.076788929633400838e-02
-8.036388798810260858e-02
-7.908125657678657938e-02
-7.693404035490014614e-02
-7.394582086221122841e-02
-7.014944923776490759e-02
-6.558667992235990563e-02
-6.030770908723861318e-02
-5.437062278954705313e-02
-4.784076082526921014e-02
-4.079000265053811525e-02
-3.329598238704835345e-02
-2.544124084377711453e-02
-1.731232282105675882e-02
-8.998828783151726143e-03
-5.924306187414338665e-04
7.814138315159167847e-03
1.612810784259013225e-02
2.425769912022251659e-02
3.211314461211862981e-02
3.960768794856462521e-02
4.665855197612085725e-02
5.318786324485188372e-02
5.912352182687585084e-02
6.440000589285194144e-02
6.895910139249004922e-02
7.275054821675779049e-02
7.573259540473849249e-02
7.787245930010290584e-02
7.914667984317294569e-02
7.954137179744238950e-02
7.905236875585323897e-02
7.768525941074157226e-02
7.545531657650117463e-02
7.238732068821206178e-02
6.851528056985606296e-02
6.388205496354659729e-02
5.853887934880989963e-02
5.254480331396813725e-02
4.596604434059804040e-02
3.887526431998254012e-02
3.135077637005884849e-02
2.347568955009537647e-02
1.533699993426715889e-02
7.024637236233292718e-03
-1.369523173990601101e-03
-9.752672627708739578e-03
-1.803209489250231015e-02
-2.611619389533408747e-02
-3.391551181494022182e-02
-4.134372555811388628e-02
-4.831860996808998859e-02
-5.476295604164501535e-02
-6.060543310923694610e-02
-6.578138451523257713e-02
-7.023354727057287694e-02
-7.391268718946718275e-02
-7.677814222392914667e-02
-7.879826810107204427e-02
-7.995078159973802168e-02
-8.022299843086069804e-02
-7.961196376680890197e-02
-7.812447501572063191e-02
-7.577699757832249972e-02
-7.259547528988571918e-02
-6.861503855008474484e-02
-6.387961378214168651e-02
-5.844143879568727135e-02
-5.236048937958129312e-02
-4.570382296411544532e-02
-3.854484616337443964e-02
-3.096251336610532021e-02
-2.304046420303667436e-02
-1.486610861838388517e-02
-6.529668643797054486e-03
1.876813251245189763e-03
1.026048878367524265e-02
1.852873045868651258e-02
2.659015875675628873e-02
3.435565815973543047e-02
4.173937015984379578e-02
4.865965144747195353e-02
5.503998575001448068e-02
6.080983827242017470e-02
6.590544238925562237e-02
7.027050919877211865e-02
7.385685156255701600e-02
7.662491555197378790e-02
7.854421351455136147e-02
7.959365435799722888e-02
7.976176806215232173e-02
7.904682277834150506e-02
7.745683416724202797e-02
7.500946783684493691e-02
7.173183686855191810e-02
6.766019737048151184e-02
6.283954589883147812e-02
5.732312343121458154e-02
5.117183121483875191e-02
4.445356458054694482e-02
3.724247142087622892e-02
2.961814265391828072e-02
2.166474270264097390e-02
1.347008860837339665e-02
5.124687064986825115e-03
-3.279260684719759178e-03
-1.164887558254306364e-02
-1.989162807049254730e-02
-2.791636452108741534e-02
-3.563432103482113561e-02
-4.296011273064468533e-02
-4.981268676432436954e-02
-5.611622756959619429e-02
-6.180100336811342188e-02
-6.680414371081609681e-02
-7.107033875742843620e-02
-7.455245209896270431e-02
-7.721204017856043988e-02
-7.901977271564818162e-02
-7.995574990728565590e-02
-8.000971355779207261e-02
-7.918115066552636194e-02
-7.747928939604620258e-02
-7.492298821588767865e-02
-7.154052049331852126e-02
-6.736925760451532852e-02
-6.245525435896564365e-02
-5.685274167211454982e-02
-5.062353182346404634e-02
-4.383634247162838254e-02
-3.656604624408726911e-02
-2.889285321626761105e-02
-2.090143451227642613e-02
-1.267999569435296174e-02
-4.319309128922367916e-03
4.088284327568883665e-03
1.244989401035077534e-02
2.067310731707138610e-02
2.866701515292103056e-02
3.634322335745329702e-02
4.361683808781692540e-02
5.040741348713444897e-02
5.663985018080373163e-02
6.224523371144274203e-02
6.716160278375041259e-02
7.133463818000967960e-02
7.471826425981407949e-02
7.727515629370598771e-02
7.897714818897426381e-02
7.980553656010916375e-02
7.975127847952304116e-02
7.881508163931617850e-02
7.700738679472095283e-02
7.434824377702577147e-02
7.086708323569493317e-02
6.660238721481318014e-02
6.160126278436658248e-02
5.901062968648817381e-02
