6.928271587220467820e-02
6.780497574545479855e-02
6.557469711172547733e-02
6.261662492048650219e-02
5.896353693642454596e-02
5.465588663454942070e-02
4.974136074473140684e-02
4.427435595895138493e-02
3.831538028539992202e-02
3.193038546986718546e-02
2.519003782451311943e-02
1.816893560752514195e-02
1.094478182581025243e-02
3.597521932454572982e-03
-3.791543640743161303e-03
-1.114066186602586349e-02
-1.836853401004131386e-02
-2.539521661397226363e-02
-3.214300632406238284e-02
-3.853729860307060495e-02
-4.450741079870269845e-02
-4.998736056678997064e-02
-5.491659127881944047e-02
-5.924063673522676071e-02
-6.291171824707746107e-02
-6.588926794362667816e-02
-6.814037295155865592e-02
-6.964013592508115635e-02
-7.037194823847256475e-02
-7.032767300524181420e-02
-6.950773589779825345e-02
-6.792112272925353300e-02
-6.558528354815841566e-02
-6.252594394183888515e-02
-5.877682528236014697e-02
-5.437927651198618678e-02
-4.938182111553572617e-02
-4.383962391588255153e-02
-3.781388324779189070e-02
-3.137115512851195581e-02
-2.458261679868796110e-02
-1.752327788981090234e-02
-1.027114820752168638e-02
-2.906371605607181198e-03
4.489664004328745676e-03
1.183523026661741605e-02
1.904916518481188786e-02
2.605177272153090182e-02
3.276570497490804285e-02
3.911681701195896671e-02
4.503498490530436632e-02
5.045487801719569093e-02
5.531667729737631961e-02
5.956673193771847008e-02
6.315814761079088790e-02
6.605130019167350375e-02
6.821426974921895869e-02
6.962319039208295091e-02
7.026251235029323805e-02
7.012517356850793415e-02
6.921267896975250022e-02
6.753508637546282167e-02
6.511089891250357309e-02
6.196686488765502238e-02
5.813768682764760415e-02
5.366564245306447434e-02
4.860012135940824235e-02
4.299708218819372346e-02
3.691843594571248693e-02
3.043136216745854702e-02
2.360756546928569413e-02
1.652248079478079584e-02
9.254436447776704169e-03
1.883784437276274110e-03
-5.507991773098692111e-03
-1.283918183611285763e-02
-2.002875497699034557e-02
-2.699725796407911188e-02
-3.366769438886487581e-02
-3.996637539917377580e-02
-4.582373248602112509e-02
-5.117508344867614106e-02
-5.596134338196766256e-02
-6.012967312814009729e-02
-6.363405850443905332e-02
-6.643581434053456858e-02
-6.850400815469215310e-02
-6.981579920131021633e-02
-7.035668937651749777e-02
-7.012068336010446323e-02
-6.911035624211879502e-02
-6.733682769976634397e-02
-6.481964282335160588e-02
-6.158656050051814629e-02
-5.767325124925980900e-02
-5.312290744874161724e-02
-4.798576980757483096e-02
-4.231857495112344159e-02
-3.618392996730952771e-02
-2.964962069261974781e-02
-2.278786137007481061e-02
-1.567449412147174301e-02
-8.388147340790482950e-03
-1.009362671146544132e-03
6.380299359886565727e-03
1.369916472122223276e-02
2.086635184082248282e-02
2.780266779308472255e-02
3.443148454313479240e-02
4.067958544491212525e-02
4.647797264419473856e-02
5.176262661712738300e-02
5.647520972407316098e-02
6.056370637539401636e-02
6.398299316675522264e-02
6.669533312731500130e-02
6.867078905228161945e-02
6.988755170013201401e-02
7.033217947739302256e-02
6.999974710107004228e-02
6.889390156325321535e-02
6.702682463814935154e-02
6.441910207031380231e-02
6.109950050559270762e-02
5.710465421408243702e-02
5.247866460988431098e-02
4.727261657156784508e-02
4.154401656243555951e-02
3.535615850567576379e-02
2.877742430365566248e-02
2.188052675047259116e-02
1.474170335726042447e-02
7.439870279988288967e-03
5.574607232844056405e-05
-7.329044624052359104e-03
-1.463287710195961336e-02
-2.177503189468030231e-02
-2.867658901757540180e-02
-3.526130102326012483e-02
-4.145643510991470215e-02
-4.719357500828205709e-02
-5.240937395570462176e-02
-5.704625070987255631e-02
-6.105302130026451363e-02
-6.438546000401827729e-02
-6.700678371478913098e-02
-6.888805485154837760e-02
-7.000849867163330686e-02
-7.035573168164543922e-02
-6.992589879210076020e-02
-6.872371762434366371e-02
-6.676242932395085039e-02
-6.406365614673090181e-02
-6.065716696493539395e-02
-5.658055291568696299e-02
-5.187881629991947935e-02
-4.660387679501438313e-02
-4.081400023034883334e-02
-3.457315589119151072e-02
-2.795030938464387882e-02
-2.101865895547491703e-02
-1.385482379268424338e-02
-6.537993651921829644e-03
8.509504610187603336e-04
8.230334383092181849e-03
1.551859729621108894e-02
2.263519621367283963e-02
2.950149812346758438e-02
3.604164969662266432e-02
4.218341486737939294e-02
4.785897106756798608e-02
5.300565550341462817e-02
5.756665352535892538e-02
6.149162188617056379e-02
6.473724040350103959e-02
6.726768643394070990e-02
6.905502728800055889e-02
7.007952656599618357e-02
7.032986130269490432e-02
7.098711193245949014e-02
