-1.985211410922209652e-01
-2.330157684577950916e-01
-2.649979916081226516e-01
-2.941161888924254675e-01
-3.200504080737718859e-01
-3.425156644223270042e-01
-3.612648745508312276e-01
-3.760914148926033929e-01
-3.868312933673554999e-01
-3.933649214029913965e-01
-3.956184702094073247e-01
-3.935647926811279840e-01
-3.872238903917838981e-01
-3.766629032245434883e-01
-3.619956012072382823e-01
-3.433813609037337233e-01
-3.210236146608631547e-01
-2.951677692695359734e-01
-2.660986005638866225e-01
-2.341371424159538472e-01
-1.996371010625073161e-01
-1.629808381510161330e-01
-1.245749775473016518e-01
-8.484570100629187928e-02
-4.423380536086828768e-02
-3.189599057825571148e-03
3.783228271751139238e-02
7.837806616358874989e-02
1.179999564521704847e-01
1.562611176031962479e-01
1.927404566867429447e-01
2.270371627701888717e-01
2.587749618132724749e-01
2.876060581092145796e-01
3.132147391827520000e-01
3.353206284801626968e-01
3.536815731909813687e-01
3.680961558945796130e-01
3.784058188853288152e-01
3.844965873689487612e-01
3.863003751681600151e-01
3.837958542669027695e-01
3.770088663815395758e-01
3.660123549771233109e-01
3.509257967880156093e-01
3.319141159358600657e-01
3.091860697197443275e-01
2.829921033011670306e-01
2.536216818455327981e-01
2.214001194846424714e-01
1.866849378128269954e-01
1.498617984411393933e-01
1.113400669636776114e-01
7.154807338868428290e-02
3.092814333372547603e-02
-1.006852197104050536e-02
-5.098703770963745191e-02
-9.137402097495206377e-02
-1.307826975698607175e-01
-1.687778632867876771e-01
-2.049406422122004856e-01
-2.388729943628971064e-01
-2.702019354755778036e-01
-2.985834386135871599e-01
-3.237059971090104349e-01
-3.452938331530221450e-01
-3.631097394130015088e-01
-3.769575427408389245e-01
-3.866841781707231473e-01
-3.921813599878138379e-01
-3.933868324889056578e-01
-3.902851815610612340e-01
-3.829081856427607455e-01
-3.713346840625705858e-01
-3.556899426494966598e-01
-3.361445001062370874e-01
-3.129124854622405971e-01
-2.862494051209474866e-01
-2.564494092450353424e-01
-2.238420588001537592e-01
-1.887886275325964258e-01
-1.516779847571894380e-01
-1.129221176797741283e-01
-7.295135951785944317e-02
-3.220939821839800127e-02
8.851855483758150345e-03
4.977746229178219711e-02
9.011463236936495536e-02
1.294178155385191931e-01
1.672536383854358044e-01
2.032056319080908779e-01
2.368787038707703685e-01
2.679033183145721475e-01
2.959393547955876946e-01
3.206796272115098878e-01
3.418530462672919046e-01
3.592274142356357558e-01
3.726118407497952534e-01
3.818587677602934827e-01
3.868655894921380067e-01
3.875758505339963467e-01
3.839800022396121504e-01
3.761156958209633805e-01
3.640675903825537629e-01
3.479666558484800776e-01
3.279889551462470965e-01
3.043538964694157412e-01
2.773219558805626872e-01
2.471918808184827565e-01
2.142973976784791068e-01
1.790034591458641022e-01
1.417020789098554778e-01
1.028078131978568122e-01
6.275295714950117343e-02
2.198253105594360698e-02
-1.905086473970750427e-02
-5.989224686466446124e-02
-1.000894210778324189e-01
-1.391980579642653759e-01
-1.767866079535989621e-01
-2.124410007962502234e-01
-2.457690841239696944e-01
-2.764047654818965749e-01
-3.040118310510242505e-01
-3.282874212414699788e-01
-3.489651483255575282e-01
-3.658178448299530539e-01
-3.786599311254199574e-01
-3.873493902996971716e-01
-3.917893360927252600e-01
-3.919291562125203354e-01
-3.877652112011965024e-01
-3.793410670218886893e-01
-3.667472401393572223e-01
-3.501204350297319468e-01
-3.296422592684135067e-01
-3.055374084075591079e-01
-2.780713219408011971e-01
-2.475473224585402754e-01
-2.143032629081144946e-01
-1.787077189332551830e-01
-1.411557759787286370e-01
-1.020644710274794670e-01
-6.186795847913339336e-02
-2.101247648524767753e-02
2.004880880438963953e-02
6.086100062669425742e-02
1.009726343625490658e-01
1.399407359356011626e-01
1.773357116223958085e-01
2.127460162831266710e-01
2.457825557872826971e-01
2.760827889840803961e-01
3.033145040336494014e-01
3.271792493123162893e-01
3.474154049917474452e-01
3.638008844672072639e-01
3.761554533907539022e-01
3.843426546825612355e-01
3.882713247669250523e-01
3.878966828973183234e-01
3.832209735741675116e-01
3.742936401588520812e-01
3.612110081578918663e-01
3.441154589731914570e-01
3.231940798930411640e-01
2.986767832197020356e-01
2.708338975204016008e-01
2.399732444083370053e-01
2.064367269150337025e-01
1.705964688241184690e-01
1.328505550878199548e-01
9.361843530032830374e-02
5.333606055147506464e-02
1.245082919409438299e-02
-2.858357831574902946e-02
-6.931239696868178590e-02
-1.092849318279193599e-01
-1.480595988306893096e-01
-1.695473518679657676e-01
