-5.151637869468961295e-01
-6.026346363792562943e-01
-6.833915640265486591e-01
-7.565348610716957634e-01
-8.212496417683136096e-01
-8.768149220412986278e-01
-9.226116519336828858e-01
-9.581296124106679635e-01
-9.829730996839017854e-01
-9.968653337272259662e-01
-9.996515418688488586e-01
-9.913006831057967760e-01
-9.719057939301476434e-01
-9.416829518142114663e-01
-9.009688679024191460e-01
-8.502171357296141041e-01
-7.899931777585880166e-01
-7.209679460372248050e-01
-6.439104471559158327e-01
-5.596791747843081755e-01
-4.692125452370660144e-01
-3.735184426255120371e-01
-2.736629900720831121e-01
-1.707586720869375962e-01
-6.595194043469525258e-02
3.958955842626889904e-02
1.446899920335400214e-01
2.481784418102236933e-01
3.489019482091667568e-01
4.457383557765385307e-01
5.376088150285770473e-01
6.234898018587333723e-01
7.024245205675984094e-01
7.735335634750533096e-01
8.360247083564337212e-01
8.892017445499810213e-01
9.324722294043558124e-01
9.653540886520387554e-01
9.874809871741871969e-01
9.986064103215336329e-01
9.986064103215336329e-01
9.874809871741873080e-01
9.653540886520388664e-01
9.324722294043559234e-01
8.892017445499812434e-01
8.360247083564339432e-01
7.735335634750529765e-01
7.024245205675988535e-01
6.234898018587337054e-01
5.376088150285774914e-01
4.457383557765381421e-01
3.489019482091672564e-01
2.481784418102241652e-01
1.446899920335405210e-01
3.958955842626939170e-02
-6.595194043469476686e-02
-1.707586720869370966e-01
-2.736629900720826680e-01
-3.735184426255115930e-01
-4.692125452370664029e-01
-5.596791747843085085e-01
-6.439104471559161658e-01
-7.209679460372241389e-01
-7.899931777585874615e-01
-8.502171357296138821e-01
-9.009688679024189240e-01
-9.416829518142114663e-01
-9.719057939301476434e-01
-9.913006831057967760e-01
-9.996515418688488586e-01
-9.968653337272260773e-01
-9.829730996839018964e-01
-9.581296124106682965e-01
-9.226116519336831079e-01
-8.768149220412988498e-01
-8.212496417683136096e-01
-7.565348610716957634e-01
-6.833915640265483260e-01
-6.026346363792559613e-01
-5.151637869468969066e-01
-4.219535240071384807e-01
-3.240422983511664912e-01
-2.225209339563148092e-01
-1.185204751717028743e-01
-1.319958581075888517e-02
9.226835946330218252e-02
1.967083476448285018e-01
2.989568181457692431e-01
3.978746259649200145e-01
4.923597328443414800e-01
5.813594850214593990e-01
6.638823407910081631e-01
7.390089172206589785e-01
8.059022329494348602e-01
8.638170329544163639e-01
9.121080913989879635e-01
9.502374000610146476e-01
9.777801622550406080e-01
9.944295254705183273e-01
1.000000000000000000e+00
