7.295779513082326639e-01
6.834824242894095292e-01
5.459375375179990053e-01
3.191564397104880157e-01
6.788123623473790030e-03
-3.861412876057438992e-01
-8.533094126619181763e-01
-1.387199341533919439e+00
-1.979220585410692790e+00
-2.619847300861968709e+00
-3.298771564224951103e+00
-4.005069229954700383e+00
-4.727375704215282859e+00
-5.454068805448783586e+00
-6.173455769627220313e+00
-6.873961391202787929e+00
-7.544314272498177765e+00
-8.173728184714512679e+00
-8.752075622390432130e+00
-9.270050758756067211e+00
-9.719319179969309275e+00
-1.009265198895440996e+01
-1.038404212106198798e+01
-1.058880099998791735e+01
-1.070363397872116273e+01
-1.072669335164751203e+01
-1.065760808482457200e+01
-1.049748978605679639e+01
-1.024891481870978183e+01
-9.915882847059302563e+00
-9.503752480195876373e+00
-9.019155049998557772e+00
-8.469887910522650998e+00
-7.864788975654112946e+00
-7.213594513766757643e+00
-6.526782487519439790e+00
-5.815403959514612531e+00
-5.090905276564167359e+00
-4.364943893684473331e+00
-3.649200801281284434e+00
-2.955192573641507892e+00
-2.294086062941794513e+00
-1.676518720416870778e+00
-1.112427435787131547e+00
-6.108886489833114108e-01
-1.799723068303076268e-01
1.733879854180928881e-01
4.435065283832886340e-01
6.260370135932213920e-01
7.180424572126916649e-01
7.180424572126908878e-01
6.260370135932206148e-01
4.435065283832878014e-01
1.733879854180944702e-01
-1.799723068303092088e-01
-6.108886489833090794e-01
-1.112427435787133101e+00
-1.676518720416868335e+00
-2.294086062941796289e+00
-2.955192573641505227e+00
-3.649200801281287099e+00
-4.364943893684470666e+00
-5.090905276564169135e+00
-5.815403959514608978e+00
-6.526782487519442455e+00
-7.213594513766755867e+00
-7.864788975654120939e+00
-8.469887910522652774e+00
-9.019155049998555995e+00
-9.503752480195874597e+00
-9.915882847059306116e+00
-1.024891481870978360e+01
-1.049748978605679639e+01
-1.065760808482457200e+01
-1.072669335164751381e+01
-1.070363397872116273e+01
-1.058880099998791735e+01
-1.038404212106198976e+01
-1.009265198895440996e+01
-9.719319179969309275e+00
-9.270050758756068987e+00
-8.752075622390428578e+00
-8.173728184714510903e+00
-7.544314272498177765e+00
-6.873961391202791482e+00
-6.173455769627215872e+00
-5.454068805448781809e+00
-4.727375704215282859e+00
-4.005069229954704824e+00
-3.298771564224947550e+00
-2.619847300861967820e+00
-1.979220585410694122e+00
-1.387199341533922547e+00
-8.533094126619157338e-01
-3.861412876057438992e-01
6.788123623472995527e-03
3.191564397104896256e-01
5.459375375179997825e-01
6.834824242894095292e-01
7.295779513082326639e-01
