1.745329251994329547e-02
1.731287751490147298e-02
1.689389182976985121e-02
1.620307710106463905e-02
1.525154879636918606e-02
1.405461736229963662e-02
1.263154187368757501e-02
1.100522014785659114e-02
9.201820310169988096e-03
7.250359739097971684e-03
5.182238165735736368e-03
3.030732440376021197e-03
8.304610955310909618e-04
-1.383172679214416268e-03
-3.574550687776702901e-03
-5.708412837681043836e-03
-7.750424488148915068e-03
-9.667728907320894197e-03
-1.142947594937181871e-02
-1.300731844490550515e-02
-1.437586831752176407e-02
-1.551310508746941638e-02
-1.640073018940860564e-02
-1.702446140317695825e-02
-1.737426266005838785e-02
-1.744450552688563139e-02
-1.723405976963683292e-02
-1.674631153932405747e-02
-1.598910888755592993e-02
-1.497463548844944065e-02
-1.371921459875257050e-02
-1.224304641053280095e-02
-1.056988302252503606e-02
-8.726646259971640798e-03
-6.742994492376435181e-03
-4.650845419237045059e-03
-2.483862502312068985e-03
-2.769133079197384772e-04
1.934491525256292659e-03
4.114769665636484192e-03
6.228839621780239179e-03
8.242685216715646759e-03
1.012390292096041269e-02
1.184222323744122361e-02
1.336999774903258227e-02
1.468264399193832705e-02
1.575904099673617817e-02
1.658186913268220805e-02
1.713788878705286428e-02
1.741815339546981187e-02
1.741815339546980840e-02
1.713788878705286428e-02
1.658186913268220458e-02
1.575904099673618164e-02
1.468264399193832184e-02
1.336999774903258748e-02
1.184222323744121841e-02
1.012390292096042137e-02
8.242685216715641555e-03
6.228839621780246985e-03
4.114769665636477253e-03
1.934491525256301116e-03
-2.769133079197454704e-04
-2.483862502312060745e-03
-4.650845419237051998e-03
-6.742994492376427375e-03
-8.726646259971661615e-03
-1.056988302252504126e-02
-1.224304641053279748e-02
-1.371921459875256530e-02
-1.497463548844944932e-02
-1.598910888755593340e-02
-1.674631153932405747e-02
-1.723405976963682945e-02
-1.744450552688563486e-02
-1.737426266005838785e-02
-1.702446140317695825e-02
-1.640073018940861257e-02
-1.551310508746941465e-02
-1.437586831752176407e-02
-1.300731844490551209e-02
-1.142947594937181004e-02
-9.667728907320888992e-03
-7.750424488148915936e-03
-5.708412837681051642e-03
-3.574550687776688589e-03
-1.383172679214409546e-03
8.304610955310902029e-04
3.030732440376009054e-03
5.182238165735746777e-03
7.250359739097974286e-03
9.201820310169982892e-03
1.100522014785658247e-02
1.263154187368758369e-02
1.405461736229963662e-02
1.525154879636918433e-02
1.620307710106464252e-02
1.689389182976985121e-02
1.731287751490147298e-02
1.745329251994329547e-02
