5.729577951308232997e+00
5.683482424289409529e+00
5.545937537517998450e+00
5.319156439710488016e+00
5.006788123623473474e+00
4.613858712394256045e+00
4.146690587338081713e+00
3.612800658466080339e+00
3.020779414589306988e+00
2.380152699138031291e+00
1.701228435775048897e+00
9.949307700452991732e-01
2.726242957847175297e-01
-4.540688054487843073e-01
-1.173455769627220757e+00
-1.873961391202788818e+00
-2.544314272498177765e+00
-3.173728184714513567e+00
-3.752075622390431242e+00
-4.270050758756068099e+00
-4.719319179969309275e+00
-5.092651988954409070e+00
-5.384042121061988873e+00
-5.588800999987916462e+00
-5.703633978721160958e+00
-5.726693351647512031e+00
-5.657608084824572892e+00
-5.497489786056796390e+00
-5.248914818709782715e+00
-4.915882847059304339e+00
-4.503752480195875485e+00
-4.019155049998556883e+00
-3.469887910522651442e+00
-2.864788975654113834e+00
-2.213594513766757643e+00
-1.526782487519440235e+00
-8.154039595146119757e-01
-9.090527656416749758e-02
6.350561063155261143e-01
1.350799198718715344e+00
2.044807426358491664e+00
2.705913937058205487e+00
3.323481279583129222e+00
3.887572564212868453e+00
4.389111351016688367e+00
4.820027693169691929e+00
5.173387985418092860e+00
5.443506528383288412e+00
5.626037013593220948e+00
5.718042457212691332e+00
5.718042457212690444e+00
5.626037013593220948e+00
5.443506528383287524e+00
5.173387985418094637e+00
4.820027693169691041e+00
4.389111351016691032e+00
3.887572564212866677e+00
3.323481279583131442e+00
2.705913937058203711e+00
2.044807426358494773e+00
1.350799198718712901e+00
6.350561063155288899e-01
-9.090527656416977353e-02
-8.154039595146093111e-01
-1.526782487519442677e+00
-2.213594513766755423e+00
-2.864788975654120495e+00
-3.469887910522653662e+00
-4.019155049998555995e+00
-4.503752480195874597e+00
-4.915882847059306116e+00
-5.248914818709783603e+00
-5.497489786056796390e+00
-5.657608084824572003e+00
-5.726693351647512920e+00
-5.703633978721160958e+00
-5.588800999987917351e+00
-5.384042121061990649e+00
-5.092651988954409070e+00
-4.719319179969309275e+00
-4.270050758756069875e+00
-3.752075622390428133e+00
-3.173728184714511347e+00
-2.544314272498178209e+00
-1.873961391202791482e+00
-1.173455769627216094e+00
-4.540688054487820313e-01
2.726242957847172521e-01
9.949307700452952874e-01
1.701228435775052450e+00
2.380152699138032180e+00
3.020779414589305656e+00
3.612800658466077230e+00
4.146690587338084377e+00
4.613858712394256045e+00
5.006788123623472586e+00
5.319156439710489792e+00
5.545937537517999338e+00
5.683482424289409529e+00
5.729577951308232997e+00
