1.000000000000000000e+00
9.919548128307954515e-01
9.679487013963562481e-01
9.283679330160726773e-01
8.738493770697849383e-01
8.052702575310586308e-01
7.237340381050700877e-01
6.305526670845225112e-01
5.272254676105024851e-01
4.154150130018864351e-01
2.969203753282749214e-01
1.736481776669304145e-01
4.758191582374218104e-02
-7.924995685678853929e-02
-2.048066680651907390e-01
-3.270679633174216616e-01
-4.440666126057741803e-01
-5.539200638661102571e-01
-6.548607339452849896e-01
-7.452644496757546699e-01
-8.236765814298326882e-01
-8.888354486549233657e-01
-9.396926207859083169e-01
-9.754297868854070463e-01
-9.954719225730845888e-01
-9.994965423831850826e-01
-9.874388886763942885e-01
-9.594929736144974797e-01
-9.161084574320695895e-01
-8.579834132349769549e-01
-7.860530947427873949e-01
-7.014748877063213817e-01
-6.056096871376666080e-01
-4.999999999999996114e-01
-3.863451256931286770e-01
-2.664738136900346444e-01
-1.423148382732852268e-01
-1.586596383480760875e-02
1.108381999010108615e-01
2.357589355094274752e-01
3.568862215918716663e-01
4.722710747726828751e-01
5.800569095711979317e-01
6.785094115571322915e-01
7.660444431189777914e-01
8.412535328311812055e-01
9.029265382866211720e-01
9.500711177409454367e-01
9.819286972627067067e-01
9.979866764718845484e-01
9.979866764718843264e-01
9.819286972627067067e-01
9.500711177409452146e-01
9.029265382866213940e-01
8.412535328311809835e-01
7.660444431189781245e-01
6.785094115571319584e-01
5.800569095711983758e-01
4.722710747726825975e-01
3.568862215918721104e-01
2.357589355094270867e-01
1.108381999010113472e-01
-1.586596383480800773e-02
-1.423148382732847550e-01
-2.664738136900350329e-01
-3.863451256931282329e-01
-5.000000000000007772e-01
-6.056096871376669410e-01
-7.014748877063211596e-01
-7.860530947427871729e-01
-8.579834132349775100e-01
-9.161084574320697005e-01
-9.594929736144974797e-01
-9.874388886763940665e-01
-9.994965423831853046e-01
-9.954719225730845888e-01
-9.754297868854070463e-01
-9.396926207859087610e-01
-8.888354486549232547e-01
-8.236765814298326882e-01
-7.452644496757550030e-01
-6.548607339452844345e-01
-5.539200638661099241e-01
-4.440666126057741803e-01
-3.270679633174221057e-01
-2.048066680651899341e-01
-7.924995685678815072e-02
4.758191582374213940e-02
1.736481776669297206e-01
2.969203753282755320e-01
4.154150130018866016e-01
5.272254676105021520e-01
6.305526670845219561e-01
7.237340381050705318e-01
8.052702575310586308e-01
8.738493770697848273e-01
9.283679330160728993e-01
9.679487013963562481e-01
9.919548128307954515e-01
1.000000000000000000e+00
