-1.175173226300194745e-01
-1.145180980861522230e-01
-1.103192729659343979e-01
-1.049653927154319683e-01
-9.851397789297564045e-02
-9.103485978969862169e-02
-8.260938012043826661e-02
-7.332946565563391861e-02
-6.329658974083103573e-02
-5.262063323593617337e-02
-4.141865822907182110e-02
-2.981360795685267934e-02
-1.793294659395810314e-02
-5.907252872793884897e-03
6.131218564659711261e-03
1.804999396904433465e-02
2.971784120968674545e-02
4.100621990449446891e-02
5.179070634873802342e-02
6.195237832663001015e-02
7.137914475822020044e-02
7.996700519796003104e-02
8.762122430548195673e-02
9.425740684072428377e-02
9.980245949781976766e-02
1.041954269118385845e-01
1.073881905394465236e-01
1.093460208456694810e-01
1.100479752100420316e-01
1.094871361921217479e-01
1.076706871484580108e-01
1.046198246452873376e-01
1.003695095414391114e-01
9.496806087242928851e-02
8.847659888849389309e-02
8.096834535215040318e-02
7.252779088225060067e-02
6.324974040102165906e-02
5.323824870050781338e-02
4.260545889072071130e-02
3.147035699335979514e-02
1.995745622023389898e-02
8.195424646533300619e-03
-3.684329779104868804e-03
-1.554910292441277590e-02
-2.726635276816374159e-02
-3.870515795862189412e-02
-4.973766213418945314e-02
-6.024048932635955172e-02
-7.009611545076302463e-02
-7.919418089874467881e-02
-8.743272926252974864e-02
-9.471935735821516988e-02
-1.009722623240985606e-01
-1.061211723110429828e-01
-1.101081484222733997e-01
-1.128882470339913624e-01
-1.144300333994542201e-01
-1.147159394798994703e-01
-1.137424612106310851e-01
-1.115201928620911526e-01
-1.080736985189230254e-01
-1.034412230927282128e-01
-9.767424762317236664e-02
-9.083689566621776235e-02
-8.300519929527633289e-02
-7.426623483957060790e-02
-6.471713972287530814e-02
-5.446402253971212304e-02
-4.362077933709276878e-02
-3.230782938855990272e-02
-2.065078408806194157e-02
-8.779062672125255429e-03
3.175531232548254191e-03
1.508025826642815995e-02
2.680290312374389305e-02
3.821323095750628340e-02
4.918442596504682407e-02
5.959449733014380440e-02
6.932763759041635221e-02
7.827551835138536751e-02
8.633850837127396427e-02
9.342679942846447705e-02
9.946142576339121744e-02
1.043751639251837976e-01
1.081133010063322075e-01
1.106342607743055484e-01
1.119100791061321126e-01
1.119267222514092469e-01
1.106842436538400809e-01
1.081967776063570696e-01
1.044923704155424210e-01
9.961265202153544995e-02
9.361235340553546169e-02
8.655867701000197201e-02
7.853052917465482008e-02
6.961762499705650975e-02
5.991947721955251382e-02
4.954428159450707803e-02
4.369841376327660704e-02
