-2.131742606699537634e-01
-1.766687591186787143e-01
-1.382756411436533994e-01
-9.842537718740647368e-02
-5.756449443653254699e-02
-1.615039803555199521e-02
2.535391458916535362e-02
6.648516376798901950e-02
1.067850435907641837e-01
1.458053531041005046e-01
1.831129397674281234e-01
2.182944033196859424e-01
2.509605183011950902e-01
2.807503425609141900e-01
3.073349881342760104e-01
3.304210366436462487e-01
3.497535854823958790e-01
3.651189127789550293e-01
3.763467486585179156e-01
3.833121379874909196e-01
3.859368772201619002e-01
3.841905046437715243e-01
3.780908206452131548e-01
3.677039143844043623e-01
3.531436741569665694e-01
3.345707620225197854e-01
3.121910403373220344e-01
2.862534462893314147e-01
2.570473213052007488e-01
2.248992152164036307e-01
1.901691978379135284e-01
1.532467239790613056e-01
1.145461101032779483e-01
7.450169088165004005e-02
3.356273224301045688e-02
-7.811818182030878972e-03
-4.915866065033493160e-02
-9.001547203417020748e-02
-1.299261578085304514e-01
-1.684459587118972701e-01
-2.051463525626137374e-01
-2.396197019978308085e-01
-2.714836090608931385e-01
-3.003849466934241930e-01
-3.260035452523570854e-01
-3.480555178948850914e-01
-3.662962118345056695e-01
-3.805227739706889545e-01
-3.905763180910329924e-01
-3.963436785392761008e-01
-3.977587326181566407e-01
-3.948032702332519017e-01
-3.875073877839506076e-01
-3.759493827140458211e-01
-3.602551268202147661e-01
-3.405969009036786677e-01
-3.171916800435329309e-01
-2.902988684835232647e-01
-2.602174942613185160e-01
-2.272828862519532811e-01
-1.918628702632378669e-01
-1.543535329194248018e-01
-1.151746140462347329e-01
-7.476459844737767813e-02
-3.357558466374859635e-02
7.931987899898500921e-03
4.929467110171679295e-02
9.005131962090039133e-02
1.297483081133656568e-01
1.679445874320041887e-01
2.042165233105749655e-01
2.381624707103537075e-01
2.694070475136715048e-01
2.976050797628680411e-01
3.224451981027235403e-01
3.436530706995043483e-01
3.609942597687186283e-01
3.742766902226128400e-01
3.833527170600640743e-01
3.881207756298243883e-01
3.885265959952102222e-01
3.845639591182711259e-01
3.762749716325185512e-01
3.637498354480128149e-01
3.471260911130086280e-01
3.265873188825054174e-01
3.023612886387979093e-01
2.747175604731850740e-01
2.439645489037592652e-01
2.104460767233273244e-01
1.745374582002546249e-01
1.366411637136130119e-01
9.718212914625752596e-02
5.660278295885155103e-02
1.535786979451752091e-02
-2.609084709624216389e-02
-6.727992277330274717e-02
-1.077495280973776032e-01
-1.470486351827064164e-01
-1.688742552529785557e-01
