-4.585631963919288567e-02
-5.119173891395317755e-02
-5.600018460529811171e-02
-6.022423772057908936e-02
-6.381342997961148011e-02
-6.672474174262536806e-02
-6.892302695413055069e-02
-7.038135903386023851e-02
-7.108129279744651585e-02
-7.101303855082186089e-02
-7.017554561568892235e-02
-6.857649352440557677e-02
-6.623219015671648335e-02
-6.316737715720369128e-02
-5.941494397612389483e-02
-5.501555294564939441e-02
-5.001717884539934322e-02
-4.447456748633322327e-02
-3.844861883517038115e-02
-3.200570121972712290e-02
-2.521690408992144361e-02
-1.815723762644878142e-02
-1.090478825710711891e-02
-3.539839750847985269e-03
3.856029976737866769e-03
1.120086590687697538e-02
1.841325620110316474e-02
2.541324513986600864e-02
3.212322829963707577e-02
3.846881986735532777e-02
4.437968243041016253e-02
4.979031014434343039e-02
5.464075682111269039e-02
5.887730119200000611e-02
6.245304238337287539e-02
6.532841943189400535e-02
6.747164949680352353e-02
6.885908027895329409e-02
6.947545300729336681e-02
6.931407322259217074e-02
6.837688748727366317e-02
6.667446504244360639e-02
6.422588436026806236e-02
6.105852552098352953e-02
5.720777030019262577e-02
5.271661285749548037e-02
4.763518494656419217e-02
4.202020056903427170e-02
3.593432599202690120e-02
2.944548201472688490e-02
2.262608625351981984e-02
1.555224402179760171e-02
8.302897098913943064e-03
9.589402286477471428e-04
-6.397684376766838918e-03
-1.368490398323744979e-02
-2.082143309348737786e-02
-2.772768142540716838e-02
-3.432664173705795435e-02
-4.054474747135623086e-02
-4.631269068012024842e-02
-5.156619125857554720e-02
-5.624670919285042203e-02
-6.030209225857979805e-02
-6.368715239431879671e-02
-6.636416476223741534e-02
-6.830328436806859527e-02
-6.948287595572261166e-02
-6.988975373585817885e-02
-6.951932840840215067e-02
-6.837565981352947131e-02
-6.647141446864796022e-02
-6.382772816546659900e-02
-6.047397480376896783e-02
-5.644744358862048561e-02
-5.179292771935103262e-02
-4.656222877293675344e-02
-4.081358192924614686e-02
-3.461100821016312862e-02
-2.802360083261925747e-02
-2.112475367515717628e-02
-1.399134061920057244e-02
-6.702855183524147886e-03
6.594795543486799486e-04
8.013620411373585314e-03
1.527762233540449176e-02
2.237055478931136016e-02
2.921340572832470395e-02
3.572996287529294629e-02
4.184766237329096833e-02
4.749839541182861169e-02
5.261926402174215561e-02
5.715327791400633128e-02
6.104998500020636376e-02
6.426602900341714386e-02
6.676562840256604348e-02
6.852097177261956551e-02
6.951252545284443418e-02
6.972925034240182174e-02
7.035313284496338970e-02
