-8.356392455435175670e-02
-8.490684132921173799e-02
-8.537024601685717917e-02
-8.494590225443969522e-02
-8.363567237749867933e-02
-8.145146894533430992e-02
-7.841509737034391136e-02
-7.455799201823816447e-02
-6.992084917293586721e-02
-6.455316109189168650e-02
-5.851265637140558307e-02
-5.186465244808294989e-02
-4.468132677862580310e-02
-3.704091403080100181e-02
-2.902683718765263279e-02
-2.072678120071294247e-02
-1.223171846989253714e-02
-3.634896154958686815e-03
4.969204122361436590e-03
1.348592297989292289e-02
2.182148468323254209e-02
2.988405125773250723e-02
3.758475702880040292e-02
4.483871131051384018e-02
5.156595718551424540e-02
5.769237473478943529e-02
6.315051770349831839e-02
6.788037348998661458e-02
7.183003738785220804e-02
7.495629325886805916e-02
7.722509414561073982e-02
7.861193776233399433e-02
7.910213326339514406e-02
7.869095708935280875e-02
7.738369713458292942e-02
7.519558572298963572e-02
7.215162307931655139e-02
6.828629409508366055e-02
6.364318212673905628e-02
5.827448443929630212e-02
5.224043472163917429e-02
4.560863879371872959e-02
3.845333030995443102e-02
3.085455399703607854e-02
2.289728456955095887e-02
1.467049014226068718e-02
6.266149666209608685e-03
-2.221765461884760151e-03
-1.069833484067824955e-02
-1.906874619424614448e-02
-2.723935440917152687e-02
-3.511873035697578999e-02
-4.261868718399816625e-02
-4.965527184199917260e-02
-5.614970985529806752e-02
-6.202929180931026493e-02
-6.722819075810794465e-02
-7.168820066655270939e-02
-7.535938711939914325e-02
-7.820064276932239822e-02
-8.018014141465017175e-02
-8.127568598759352114e-02
-8.147494718315143047e-02
-8.077559092001392049e-02
-7.918529418940530029e-02
-7.672165005801927229e-02
-7.341196381458121867e-02
-6.929294331446787802e-02
-6.441028744219515212e-02
-5.881817754855080821e-02
-5.257867743243128944e-02
-4.576104818785859535e-02
-3.844098486485798133e-02
-3.069978266701913275e-02
-2.262344097962424444e-02
-1.430171417941604288e-02
-5.827118996674178139e-03
2.706091327878322027e-03
1.120297514422216936e-02
1.956896129374522883e-02
2.771090689159733805e-02
3.553814180323109501e-02
4.296348756321259621e-02
4.990423846956053983e-02
5.628309298448708892e-02
6.202902407596911499e-02
6.707807790718738061e-02
7.137409124813796912e-02
7.486931914391435627e-02
7.752496565326939815e-02
7.931161188227370262e-02
8.020953697234282920e-02
8.020892913105741318e-02
7.930998525151207457e-02
7.752289897135093699e-02
7.486773829081586062e-02
7.137421497842494356e-02
6.708134904789908592e-02
6.203703252828247222e-02
5.941711919535969111e-02
