-3.119302954355454571e-02
-5.472210798984290109e-02
-7.737068723398782266e-02
-9.877434315771788098e-02
-1.185886829250097640e-01
-1.364948863917392896e-01
-1.522048360411470402e-01
-1.654657529025365670e-01
-1.760642638595374954e-01
-1.838298349034219736e-01
-1.886375150891424213e-01
-1.904099470428111673e-01
-1.891186116708044318e-01
-1.847842870426541495e-01
-1.774767140641314578e-01
-1.673134743199660435e-01
-1.544580981421325439e-01
-1.391174333455933165e-01
-1.215383169695248011e-01
-1.020036035769563837e-01
-8.082761401896804143e-02
-5.835107789453400362e-02
-3.493565108372723160e-02
-1.095809656922724917e-02
1.319577782110814557e-02
3.713732720661533371e-02
6.048132309544009683e-02
8.285215185517694203e-02
1.038898584768212230e-01
1.232559383856090818e-01
1.406387841063405919e-01
1.557586991443023761e-01
1.683723984065685353e-01
1.782769227502173093e-01
1.853129046709153238e-01
1.893671325857203547e-01
1.903743724498299650e-01
1.883184173967820396e-01
1.832323485130030183e-01
1.751980025507439143e-01
1.643446551441017645e-01
1.508469407156741438e-01
1.349220425433275694e-01
1.168261981999559607e-01
9.685057659501397631e-02
7.531659295776722829e-02
5.257073714593663016e-02
2.897899849418157647e-02
4.920976908702953678e-03
-1.921622503734720516e-02
-4.304423072917548665e-02
-6.617963863546230674e-02
-8.825019138252404582e-02
-1.089007655148045428e-01
-1.277990855642126555e-01
-1.446410704867859831e-01
-1.591557264405188687e-01
-1.711095071777221643e-01
-1.803100718915752743e-01
-1.866093800517073797e-01
-1.899060734317489785e-01
-1.901471070011363229e-01
-1.873286024395097449e-01
-1.814959105403404493e-01
-1.727428814996865569e-01
-1.612103548314072765e-01
-1.470838932066626803e-01
-1.305907966810723742e-01
-1.119964453517325875e-01
-9.160002929211215339e-02
-6.972973447177213679e-02
-4.673746212126367316e-02
-2.299316650959688790e-02
1.121097758434705383e-03
2.521732314386346263e-02
4.890779236009448055e-02
7.181131688918639122e-02
9.355937044779716327e-02
1.138020187130372313e-01
1.322135498967175748e-01
1.484977155699497842e-01
1.623924974112630482e-01
1.736743231794797560e-01
1.821616640747687477e-01
1.877179556049871079e-01
1.902537949594803879e-01
1.897283795337725842e-01
1.861501634587465759e-01
1.795767215705132980e-01
1.701138230097459791e-01
1.579137293566141298e-01
1.431727446849599961e-01
1.261280569562674425e-01
1.070539215765720087e-01
8.625724852431509992e-02
6.407266405390074637e-02
4.085712643399966315e-02
1.698418235538415311e-02
-7.162043575161328168e-03
-3.119302954355445551e-02
