-5.406268799498953337e-01
-5.473058593074324740e-01
-5.540010174769716134e-01
-5.606046268573099400e-01
-5.670104329015331901e-01
-5.731153637924506494e-01
-5.788211889067171878e-01
-5.840360993823348057e-01
-5.886761853576096826e-01
-5.926667861122369985e-01
-5.959436913862398155e-01
-5.984541745470878249e-01
-6.001578409809528170e-01
-6.010272780571660478e-01
-6.010484962077076165e-01
-6.002211540245925292e-01
-5.985585637532528924e-01
-5.960874770935262745e-01
-5.928476547547899544e-01
-5.888912266912644800e-01
-5.842818533115348156e-01
-5.790937011587462546e-01
-5.734102495431618873e-01
-5.673229473288107227e-01
-5.609297414870325627e-01
-5.543335010930442452e-01
-5.476403621240111264e-01
-5.409580196914439698e-01
-5.343939951865401827e-01
-5.280539062207502132e-01
-5.220397671988723509e-01
-5.164483478690919949e-01
-5.113696162615082308e-01
-5.068852910688513846e-01
-5.030675267621265156e-01
-4.999777525981645154e-01
-4.976656841998848280e-01
-4.961685236133117627e-01
-4.955103607127279153e-01
-4.957017855855794242e-01
-4.967397181340043599e-01
-4.986074576347605536e-01
-5.012749514601142486e-01
-5.046992786358700522e-01
-5.088253404559128779e-01
-5.135867470410148128e-01
-5.189068855768441679e-01
-5.247001530428274663e-01
-5.308733335967942280e-01
-5.373270984527726002e-01
-5.439576041183380450e-01
-5.506581632752782784e-01
-5.573209614184818639e-01
-5.638387916316831561e-01
-5.701067795868776100e-01
-5.760240710115175355e-01
-5.814954544715109641e-01
-5.864328933588376369e-01
-5.907569424335276098e-01
-5.943980261273111854e-01
-5.972975580405580631e-01
-5.994088836193779413e-01
-6.006980308448572892e-01
-6.011442568555609434e-01
-6.007403817079369768e-01
-5.994929039042967700e-01
-5.974218958294796877e-01
-5.945606807786674164e-01
-5.909552967730902218e-01
-5.866637557910315826e-01
-5.817551103333813423e-01
-5.763083423430478414e-01
-5.704110923559297941e-01
-5.641582493318871849e-01
-5.576504238558561699e-01
-5.509923292758751590e-01
-5.442910968261166493e-01
-5.376545518452257033e-01
-5.311894788262587763e-01
-5.249999032142160793e-01
-5.191854175976913233e-01
-5.138395792268396489e-01
-5.090484046422008024e-01
-5.048889856363621975e-01
-5.014282488181580622e-01
-4.987218787384800622e-01
-4.968134219050084344e-01
-4.957335861026025414e-01
-4.954997462935469832e-01
-4.961156650479047192e-01
-4.975714320023561510e-01
-4.998436233216546065e-01
-5.028956785969040943e-01
-5.066784891162243731e-01
-5.111311880423082821e-01
-5.161821297826189037e-01
-5.217500427937931118e-01
-5.277453372711974344e-01
-5.340715466824214053e-01
-5.406268799498953337e-01
