6.266899526942019960e-02
5.509177911357719670e-02
4.662811560882774292e-02
3.741418826923764707e-02
2.759825263482777735e-02
1.733825078443754220e-02
6.799269988552472666e-03
-3.849113606676307642e-03
-1.443556352310260138e-02
-2.478973981865627979e-02
-3.474503992077601633e-02
-4.414127932416747613e-02
-5.282726901945682119e-02
-6.066324818094721849e-02
-6.752313297062234598e-02
-7.329654527429797783e-02
-7.789058872679796575e-02
-8.123134344924469452e-02
-8.326505544758117106e-02
-8.395900153445765013e-02
-8.330201585756562277e-02
-8.130466956238124876e-02
-7.799910069847748595e-02
-7.343849710627592398e-02
-6.769624060478415806e-02
-6.086472625065841163e-02
-5.305387566715476233e-02
-4.438936836406316699e-02
-3.501061950734823264e-02
-2.506853667694045051e-02
-1.472309170728455449e-02
-4.140746680639725841e-03
6.508224510137130409e-03
1.705247593226750721e-02
2.732234663325090740e-02
3.715259054910158287e-02
4.638503537537551347e-02
5.487112761875934108e-02
6.247432287838664000e-02
6.907228289636210827e-02
7.455884402612653061e-02
7.884572544527154725e-02
8.186394962701865063e-02
8.356495221444637522e-02
8.392136343917235008e-02
8.292744851117234139e-02
8.059919989369840332e-02
7.697407997855852668e-02
7.211041830220900339e-02
6.608647300167769245e-02
5.899917161184413394e-02
5.096255146512000678e-02
4.210592478808156819e-02
3.257179801933808572e-02
2.251357882758830281e-02
1.209310772480540891e-02
1.478053991815612284e-03
-9.160782183194809275e-03
-1.965221794364505059e-02
-2.982744216080197505e-02
-3.952273166803442483e-02
-4.858208562785161500e-02
-5.685973564377606870e-02
-6.422249122840911761e-02
-7.055188288823190101e-02
-7.574606834210337314e-02
-7.972147120168771028e-02
-8.241412574682810410e-02
-8.378070615792930498e-02
-8.379922364461317441e-02
-8.246938025358709068e-02
-7.981257366282418220e-02
-7.587155288491458094e-02
-7.070973041945026460e-02
-6.441016192216890424e-02
-5.707420980836237084e-02
-4.881991229367037277e-02
-3.978008411500492947e-02
-3.010017949171549245e-02
-1.993595171275116401e-02
-9.450947007936236210e-03
1.186126972089012604e-03
1.180411572512032534e-02
2.223217183740053282e-02
3.230250398246113652e-02
4.185307674637610276e-02
5.073021783822757175e-02
5.879109073479291125e-02
6.590599297367204235e-02
7.196044311446031516e-02
7.685702278797899856e-02
8.051694419430344141e-02
8.288131782795676861e-02
8.391210003209757795e-02
8.359270513519986845e-02
8.192827232071651922e-02
7.894558293569367557e-02
7.469262956887158522e-02
6.923784383196623926e-02
6.266899526942022736e-02
