8.282843577936555013e-02
8.137227026486279491e-02
7.860679446103216450e-02
7.457650590878112107e-02
6.934625345960719611e-02
6.300019383330196510e-02
5.564043750482654954e-02
4.738540570854561651e-02
3.836792499623677133e-02
2.873309000815047615e-02
1.863592884593381904e-02
8.238908612442126175e-03
-2.290678744763723768e-03
-1.278340822347726752e-02
-2.307044787855436208e-02
-3.298627539111075035e-02
-4.237134138459430766e-02
-5.107463663397920905e-02
-5.895612186072513722e-02
-6.588898101719112277e-02
-7.176166180431416131e-02
-7.647967058985942479e-02
-7.996709284633563009e-02
-8.216781464415996716e-02
-8.304642554579071134e-02
-8.258878837292284170e-02
-8.080226667897896786e-02
-7.771560626677835593e-02
-7.337847265780880757e-02
-6.786065195539439654e-02
-6.125092796016919083e-02
-5.365565360548990581e-02
-4.519703969892624462e-02
-3.601118850461889481e-02
-2.624590380690126901e-02
-1.605831269208064793e-02
-5.612337314801284227e-03
4.923942670786723638e-03
1.538099457558083499e-02
2.559056051995687447e-02
3.538836476603702402e-02
4.461675697580751859e-02
5.312724886407137193e-02
6.078290343054255224e-02
6.746053832744085266e-02
7.305270790958005855e-02
7.746943207501962025e-02
8.063964407858813244e-02
8.251233402241607562e-02
8.305736962428746095e-02
8.226598105734041211e-02
8.015090205986429017e-02
7.674616504468370626e-02
7.210655350489690585e-02
6.630672052696368057e-02
5.943998759459938330e-02
5.161684301116749307e-02
4.296316410151908988e-02
3.361819179871466945e-02
2.373229020528853928e-02
1.346452717855148133e-02
2.980114869221922591e-03
-7.552248603924953570e-03
-1.796309356993787756e-02
-2.808490563613469382e-02
-3.775482105738713068e-02
-4.681724727474667613e-02
-5.512636645796153284e-02
-6.254848176895146106e-02
-6.896416859397981602e-02
-7.427019613039391455e-02
-7.838118840888282091e-02
-8.123099802478341014e-02
-8.277377047458263359e-02
-8.298468197204429686e-02
-8.186033887222186889e-02
-7.941883227647635046e-02
-7.569944693988302220e-02
-7.076202916481631744e-02
-6.468602385154234580e-02
-5.756919620003379812e-02
-4.952605863130526281e-02
-4.068602823969311166e-02
-3.119134442336121693e-02
-2.119478019913917724e-02
-1.085718402749254706e-02
-3.448917005827011745e-04
1.017295006289573381e-02
2.052710525173622597e-02
3.055097163299249491e-02
4.008326144427165616e-02
4.897059657420814449e-02
5.706997647369042165e-02
6.425107908822688674e-02
7.039835778858694049e-02
7.541290055931934577e-02
7.921402153010710656e-02
8.174055924162458575e-02
8.295186075631343081e-02
8.282843577936555013e-02
