-5.571118480894997615e-01
-5.769253885894766176e-01
-5.962785185875798533e-01
-6.148598389775201678e-01
-6.323703693585214225e-01
-6.485283587418890772e-01
-6.630738190298890444e-01
-6.757727083215625541e-01
-6.864206967345248822e-01
-6.948464541492602731e-01
-7.009144069748809436e-01
-7.045269195789548577e-01
-7.056258652813804932e-01
-7.041935616344279225e-01
-7.002530549399430537e-01
-6.938677494257230460e-01
-6.851403870477569269e-01
-6.742113943336931481e-01
-6.612566228674424673e-01
-6.464845197713657843e-01
-6.301327737140443030e-01
-6.124644904106268939e-01
-5.937639591533828698e-01
-5.743320784905682208e-01
-5.544815146561468122e-01
-5.345316706530433004e-01
-5.148035469392602259e-01
-4.956145764103470075e-01
-4.772735167852824589e-01
-4.600754825791969482e-01
-4.442971966003511630e-01
-4.301925373765632665e-01
-4.179884541546596277e-01
-4.078813152021377730e-01
-4.000337481682342267e-01
-3.945720233441700753e-01
-3.915840219268980071e-01
-3.911178219777456389e-01
-3.931809248284113822e-01
-3.977401343817292823e-01
-4.047220912492992539e-01
-4.140144531315075316e-01
-4.254677024471813507e-01
-4.388975521274404157e-01
-4.540879108636207695e-01
-4.707943600973226728e-01
-4.887480868065098849e-01
-5.076602088076624941e-01
-5.272264229782481770e-01
-5.471319016078763919e-01
-5.670563580940116699e-01
-5.866792004733023536e-01
-6.056846898662824330e-01
-6.237670208341339340e-01
-6.406352419026731804e-01
-6.560179370804841703e-01
-6.696675930438227287e-01
-6.813645817186476661e-01
-6.909206941785493994e-01
-6.981821689968278344e-01
-7.030321663254082143e-01
-7.053926478917330600e-01
-7.052256326637815764e-01
-7.025338079790917067e-01
-6.973604863044932101e-01
-6.897889083223036621e-01
-6.799409035565887605e-01
-6.679749300905155618e-01
-6.540835249164764775e-01
-6.384902059438082311e-01
-6.214458755119592892e-01
-6.032247832779259467e-01
-5.841201134366081904e-01
-5.644392672773645980e-01
-5.444989169821938813e-01
-5.246199102517847823e-01
-5.051221077459050468e-01
-4.863192364056507788e-01
-4.685138414695232401e-01
-4.519924184072885431e-01
-4.370208031006209692e-01
-4.238398944442551830e-01
-4.126617781925930317e-01
-4.036663144205216991e-01
-3.969982435074815297e-01
-3.927648572105782443e-01
-3.910342723000482801e-01
-3.918343345349263873e-01
-3.951521706143593105e-01
-4.009343953138356786e-01
-4.090879704734318167e-01
-4.194817020166337063e-01
-4.319483509121381792e-01
-4.462873241124712953e-01
-4.622679021712108316e-01
-4.796329516052477704e-01
-4.981030622687837583e-01
-5.173810431671700405e-01
-5.371567043712630607e-01
-5.571118480894996505e-01
