-5.388476256140461995e-01
-5.526952381214129684e-01
-5.664723123182131559e-01
-5.799571699233323496e-01
-5.929328345300038938e-01
-6.051905228374169221e-01
-6.165330040521816990e-01
-6.267777734056260153e-01
-6.357599887238425396e-01
-6.433351227999728472e-01
-6.493812888910682757e-01
-6.538012019214111126e-01
-6.565237438357998112e-01
-6.575051079156798428e-01
-6.567295036456437529e-01
-6.542094107887347354e-01
-6.499853785823881402e-01
-6.441253732860215964e-01
-6.367236845784784993e-01
-6.278994084017999189e-01
-6.177945306629338829e-01
-6.065716426273426443e-01
-5.944113247646769516e-01
-5.815092411414211071e-01
-5.680729911128187259e-01
-5.543187689715346478e-01
-5.404678853005556727e-01
-5.267432060030655672e-01
-5.133655663066356567e-01
-5.005502174417458816e-01
-4.885033631689094102e-01
-4.774188418829766745e-01
-4.674750076808003585e-01
-4.588318605770524972e-01
-4.516284720440943423e-01
-4.459807472999262612e-01
-4.419795603498421488e-01
-4.396892917896668140e-01
-4.391467928978690649e-01
-4.403607926846959675e-01
-4.433117574391307603e-01
-4.479522050336152139e-01
-4.542074689292562306e-01
-4.619768995883874463e-01
-4.711354839633070668e-01
-4.815358570030128238e-01
-4.930106728120366433e-01
-5.053752973085471334e-01
-5.184307790558415618e-01
-5.319670504654375742e-01
-5.457663078632085663e-01
-5.596065160320322640e-01
-5.732649808415509751e-01
-5.865219324800913236e-01
-5.991640616332031266e-01
-6.109879517103781188e-01
-6.218033518941387117e-01
-6.314362383469080964e-01
-6.397316143197020466e-01
-6.465560041078404208e-01
-6.517996007250008716e-01
-6.553780327387336291e-01
-6.572337218383932367e-01
-6.573368092917104555e-01
-6.556856363829717260e-01
-6.523067711023762261e-01
-6.472545806571275984e-01
-6.406103566827190399e-01
-6.324810072300870445e-01
-6.229973365750519632e-01
-6.123119405285556427e-01
-6.005967511129404190e-01
-5.880402701113488506e-01
-5.748445360034696305e-01
-5.612218730907686526e-01
-5.473914751189973282e-01
-5.335758783687707396e-01
-5.199973809635082267e-01
-5.068744660094136600e-01
-4.944182861205098645e-01
-4.828292658940355753e-01
-4.722938770036500533e-01
-4.629816378004006361e-01
-4.550423856989962434e-01
-4.486038662377155317e-01
-4.437696776048755676e-01
-4.406176037052012551e-01
-4.391983625876807462e-01
-4.395347903731713357e-01
-4.416214738126666983e-01
-4.454248373884995282e-01
-4.508836835569896007e-01
-4.579101774398302016e-01
-4.663912601201599117e-01
-4.761904678028570093e-01
-4.871501275680872878e-01
-4.990938943876065959e-01
-5.118295885822780056e-01
-5.251522880650498770e-01
-5.388476256140461995e-01
