-5.427848296984159049e-01
-5.586969094171804207e-01
-5.744418816875733746e-01
-5.897664040118163475e-01
-6.044238990891550589e-01
-6.181785223369316018e-01
-6.308089567182054713e-01
-6.421119738157253787e-01
-6.519057038532386494e-01
-6.600325620482724309e-01
-6.663617842102734778e-01
-6.707915307853841158e-01
-6.732505254929866956e-01
-6.736992021877397097e-01
-6.721303414936674603e-01
-6.685691869666225973e-01
-6.630730389160222060e-01
-6.557303324214195372e-01
-6.466592143789700042e-01
-6.360056424736445502e-01
-6.239410366654409845e-01
-6.106595209780585343e-01
-5.963747999706887626e-01
-5.813167201516599158e-01
-5.657275716620777661e-01
-5.498581897367570415e-01
-5.339639186713949215e-01
-5.183005032372696164e-01
-5.031199736521339005e-01
-4.886665903196681371e-01
-4.751729135881481159e-01
-4.628560617673854738e-01
-4.519142176138470912e-01
-4.425234394959157713e-01
-4.348348285488381482e-01
-4.289720974008950360e-01
-4.250295795909022067e-01
-4.230707117062583733e-01
-4.231270126645069740e-01
-4.251975765621541226e-01
-4.292490872509950872e-01
-4.352163544074103552e-01
-4.430033624690758454e-01
-4.524848155613033218e-01
-4.635081535545665377e-01
-4.758960068140953292e-01
-4.894490501436943863e-01
-5.039492100027659349e-01
-5.191631733912106528e-01
-5.348461419429375585e-01
-5.507457708232119664e-01
-5.666062290515083699e-01
-5.821723159177548679e-01
-5.971935672572893372e-01
-6.114282855130273031e-01
-6.246474287396321934e-01
-6.366382959741548886e-01
-6.472079496741496296e-01
-6.561863201549562596e-01
-6.634289420745898003e-01
-6.688192789351714573e-01
-6.722705981988046364e-01
-6.737273668465759702e-01
-6.731661449256184371e-01
-6.705959627067270556e-01
-6.660581753839218688e-01
-6.596257976538946188e-01
-6.514023288822078372e-01
-6.415200877597579954e-01
-6.301380832455079073e-01
-6.174394560528129183e-01
-6.036285318467877747e-01
-5.889275335678667567e-01
-5.735730057815060512e-01
-5.578120085875774015e-01
-5.418981423308780743e-01
-5.260874670766496619e-01
-5.106343825082757526e-01
-4.957875345411443258e-01
-4.817858145167923101e-01
-4.688545153517930664e-01
-4.572017064903931005e-01
-4.470148859892666970e-01
-4.384579636035949024e-01
-4.316686234177480319e-01
-4.267561084568269880e-01
-4.237994629254961398e-01
-4.228462603571405687e-01
-4.239118381379055056e-01
-4.269790507224117126e-01
-4.319985455119988993e-01
-4.388895569565130494e-01
-4.475412061022415733e-01
-4.578142846757853324e-01
-4.695434949972878691e-01
-4.825401096819822433e-01
-4.965950083344599641e-01
-5.114820423741138766e-01
-5.269616738504575570e-01
-5.427848296984159049e-01
