-5.489021099299541406e-01
-5.667951548537571993e-01
-5.843907885286300230e-01
-6.014058906220223211e-01
-6.175666817718451496e-01
-6.326131287988929763e-01
-6.463031287380376355e-01
-6.584164043655653664e-01
-6.687580485421650289e-01
-6.771616603417603963e-01
-6.834920225047014242e-01
-6.876472771340886858e-01
-6.895605646274638456e-01
-6.892010994728415829e-01
-6.865746655991211700e-01
-6.817235233105061187e-01
-6.747257293023891656e-01
-6.656938806999036506e-01
-6.547733033280316306e-01
-6.421397133646782329e-01
-6.279963900015914646e-01
-6.125709046060727747e-01
-5.961114590124876322e-01
-5.788828918618396102e-01
-5.611624172488969275e-01
-5.432351642436361594e-01
-5.253895890577714445e-01
-5.079128336763273355e-01
-4.910861056356123910e-01
-4.751801532886920088e-01
-4.604509093630372307e-01
-4.471353729071335659e-01
-4.354477958870732190e-01
-4.255762357922178718e-01
-4.176795297197979928e-01
-4.118847386265591659e-01
-4.082851028704044261e-01
-4.069385419381321700e-01
-4.078667224992123530e-01
-4.110547097809633676e-01
-4.164512078746358537e-01
-4.239693851057860785e-01
-4.334882711884222584e-01
-4.448547036821902112e-01
-4.578857924333728513e-01
-4.723718623459267629e-01
-4.880798271322663862e-01
-5.047569397588851370e-01
-5.221348592407368816e-01
-5.399339683481356733e-01
-5.578678727526537040e-01
-5.756480092190725539e-01
-5.929882886958598442e-01
-6.096096995951012509e-01
-6.252447971933956516e-01
-6.396420069175686729e-01
-6.525696722737300837e-01
-6.638197822869773557e-01
-6.732113184758490299e-01
-6.805931675074535780e-01
-6.858465526675627810e-01
-6.888869450224066604e-01
-6.896654235208602435e-01
-6.881694621524687694e-01
-6.844231314956455980e-01
-6.784867114130546106e-01
-6.704557211260543381e-01
-6.604593822746711584e-01
-6.486585396930372172e-01
-6.352430733557997700e-01
-6.204288431382489755e-01
-6.044542155501210212e-01
-5.875762283292255139e-01
-5.700664546080252970e-01
-5.522066332002752986e-01
-5.342841353180437514e-01
-5.165873406613348262e-01
-4.994009972807649245e-01
-4.830016398748357975e-01
-4.676531402431184370e-01
-4.536024614902200991e-01
-4.410756842969832947e-01
-4.302743691977015672e-01
-4.213723133956691624e-01
-4.145127543011222215e-01
-4.098060647876884399e-01
-4.073279772515336905e-01
-4.071183650487580907e-01
-4.091806009181701009e-01
-4.134815027126568232e-01
-4.199518673123521229e-01
-4.284875841287411058e-01
-4.389513102830012725e-01
-4.511746805043361785e-01
-4.649610161902072991e-01
-4.800884900386740983e-01
-4.963136953327204615e-01
-5.133755624454472422e-01
-5.309995595480987429e-01
-5.489021099299540296e-01
