-5.378069092913940752e-01
-5.471116768391723895e-01
-5.564357476675569902e-01
-5.656290939865612488e-01
-5.745437914124897905e-01
-5.830363991266456214e-01
-5.909702678917989616e-01
-5.982177387895664111e-01
-6.046621973001963246e-01
-6.101999496738443884e-01
-6.147418914018250025e-01
-6.182149409415118591e-01
-6.205632156257154808e-01
-6.217489308357175837e-01
-6.217530079699306045e-01
-6.205753814257387591e-01
-6.182349996550688953e-01
-6.147695202767060607e-01
-6.102347041511099190e-01
-6.047035181672973936e-01
-5.982649611782832055e-01
-5.910226319762198477e-01
-5.830930623490504505e-01
-5.746038420404188107e-01
-5.656915657829318933e-01
-5.564996354377800269e-01
-5.471759526051093170e-01
-5.378705388319099390e-01
-5.287331217091666424e-01
-5.199107256988703130e-01
-5.115453064553885376e-01
-5.037714667058466045e-01
-4.967142904418613281e-01
-4.904873302712925431e-01
-4.851907803142749831e-01
-4.809098640423190574e-01
-4.777134630007521254e-01
-4.756530084788685442e-01
-4.747616539612327102e-01
-4.750537416757016351e-01
-4.765245718216098436e-01
-4.791504781913214495e-01
-4.828892089683702316e-01
-4.876806065750028951e-01
-4.934475756301245353e-01
-5.000973234428403025e-01
-5.075228530815875105e-01
-5.156046849948178190e-01
-5.242127794817073028e-01
-5.332086290796212991e-01
-5.424474872010375259e-01
-5.517806971603228527e-01
-5.610580841154534371e-01
-5.701303714374389431e-01
-5.788515826271631859e-01
-5.870813901318988615e-01
-5.946873732681619007e-01
-6.015471489200782118e-01
-6.075503407295309577e-01
-6.126003550930807506e-01
-6.166159353892036732e-01
-6.195324694277493105e-01
-6.213030290842664893e-01
-6.218991253910937100e-01
-6.213111669355121380e-01
-6.195486141891675125e-01
-6.166398272855397877e-01
-6.126316096947790335e-01
-6.075884551383503585e-01
-6.015915098609130318e-01
-5.947372669568680159e-01
-5.871360137603480744e-01
-5.789100572807258649e-01
-5.701917562370502068e-01
-5.611213913567084655e-01
-5.518449082060118416e-01
-5.425115688713985085e-01
-5.332715502765900117e-01
-5.242735277796706228e-01
-5.156622829309213119e-01
-5.075763738834779826e-01
-5.001459059407803442e-01
-4.934904381135361562e-01
-4.877170593704828749e-01
-4.829186655367936343e-01
-4.791724645654755754e-01
-4.765387342325042574e-01
-4.750598522448434835e-01
-4.747596143672770941e-01
-4.756428515396456946e-01
-4.776953521452163010e-01
-4.808840906809154214e-01
-4.851577591500363384e-01
-4.904475926271127939e-01
-4.966684757113105642e-01
-5.037203120650894927e-01
-5.114896350017442694e-01
-5.198514332068677746e-01
-5.286711622171975655e-01
-5.378069092913940752e-01
