-1.425014301447873333e-01
-1.766166049793378157e-01
-2.078899525253918301e-01
-2.358182729141181100e-01
-2.599521890158190685e-01
-2.799033770861664716e-01
-2.953508150406125576e-01
-3.060459478199009098e-01
-3.118166867340136372e-01
-3.125701784336135658e-01
-3.082942989551932800e-01
-2.990578488001864321e-01
-2.850094459091451204e-01
-2.663751343434430652e-01
-2.434547471517108930e-01
-2.166170819438448525e-01
-1.862939667994084614e-01
-1.529733119921823925e-01
-1.171912593312157969e-01
-7.952355543842035135e-02
-4.057628776989949393e-02
-9.761324418978700734e-04
3.863972922249775399e-02
7.763386317936857295e-02
1.153788392163466042e-01
1.512673265396023703e-01
1.847218659536655205e-01
2.152041613960447575e-01
2.422237413223780611e-01
2.653458505771842946e-01
2.841984457670599928e-01
2.984781815781496483e-01
3.079552917157989955e-01
3.124772859302472061e-01
3.119714036418275160e-01
3.064457846859316437e-01
2.959893383400117317e-01
2.807703127400227872e-01
2.610335877049346776e-01
2.370967345287761097e-01
2.093449061396351341e-01
1.782246398448681102e-01
1.442366723786691618e-01
1.079278828605706730e-01
6.988249330569387685e-02
3.071266827382673759e-02
-8.951335087497319654e-03
-4.847130811643529658e-02
-8.721135965310745919e-02
-1.245481477663991920e-01
-1.598809095589742713e-01
-1.926411276671798622e-01
-2.223016779182474256e-01
-2.483853109555536898e-01
-2.704723313594230016e-01
-2.882073507035367577e-01
-3.013050058877495552e-01
-3.095545507371916805e-01
-3.128232469871142785e-01
-3.110585000912575171e-01
-3.042887054877882469e-01
-2.926227917060704731e-01
-2.762484676658515936e-01
-2.554292023704772818e-01
-2.304999855920005225e-01
-2.018619377603506349e-01
-1.699758557854596508e-01
-1.353547986624895616e-01
-9.855583216053992457e-02
-6.017106542589376050e-02
-2.081812372420357993e-02
1.886978938123187732e-02
5.825408051183639246e-02
9.670104168026553981e-02
1.335920468891456658e-01
1.683335060549445428e-01
2.003664160946225514e-01
2.291753554944925275e-01
2.542967776353184384e-01
2.753264694309404681e-01
2.919260552681460785e-01
3.038284415969522145e-01
3.108421145658076812e-01
3.128542215511565527e-01
3.098323869983957146e-01
3.018252333566675549e-01
2.889615987254531282e-01
2.714484638013208162e-01
2.495676214810391702e-01
2.236711427083807879e-01
1.941757115208450624e-01
1.615559204475119914e-01
1.263366341375922186e-01
8.908454409174340616e-02
5.039905038369241197e-02
1.090261708866741008e-02
-2.876924339658307184e-02
-6.797819598614920911e-02
-1.060933539554484439e-01
-1.425014301447871667e-01
