-5.449924392305235399e-01
-5.486342867895025455e-01
-5.522709382650156096e-01
-5.558438785734833854e-01
-5.592956177678537477e-01
-5.625706160723707994e-01
-5.656161775383571344e-01
-5.683832979417545728e-01
-5.708274532794327394e-01
-5.729093161770673071e-01
-5.745953886813142120e-01
-5.758585412544181548e-01
-5.766784492986315458e-01
-5.770419201865999437e-01
-5.769431055356747384e-01
-5.763835953105793664e-01
-5.753723922402820268e-01
-5.739257669607156220e-01
-5.720669962141561316e-01
-5.698259883177246854e-01
-5.672388019273703064e-01
-5.643470658405971285e-01
-5.611973091735291685e-01
-5.578402126900142699e-01
-5.543297933291626567e-01
-5.507225350525749574e-01
-5.470764799962569702e-01
-5.434502945509231964e-01
-5.399023253978095793e-01
-5.364896606887309405e-01
-5.332672114763477023e-01
-5.302868281747736834e-01
-5.275964662670030725e-01
-5.252394146832377597e-01
-5.232535992657956214e-01
-5.216709725281100107e-01
-5.205169995268285055e-01
-5.198102481195179259e-01
-5.195620902008862840e-01
-5.197765187247392893e-01
-5.204500834558593025e-01
-5.215719464855815835e-01
-5.231240566178012585e-01
-5.250814398194767474e-01
-5.274126010621691396e-01
-5.300800310888404976e-01
-5.330408099518401110e-01
-5.362472976109290412e-01
-5.396479004793609535e-01
-5.431879015840067604e-01
-5.468103409819340399e-01
-5.504569322672121512e-01
-5.540690004210018227e-01
-5.575884259145724720e-01
-5.609585798742766638e-01
-5.641252352613245202e-01
-5.670374394051378442e-01
-5.696483338508926408e-01
-5.719159083295988211e-01
-5.738036767190536347e-01
-5.752812641192066589e-01
-5.763248955956715713e-01
-5.769177787273208624e-01
-5.770503738026272478e-01
-5.767205473171936880e-01
-5.759336063026374575e-01
-5.747022129344651065e-01
-5.730461807929282392e-01
-5.709921560551007857e-01
-5.685731887479146263e-01
-5.658282009608547325e-01
-5.628013605749693227e-01
-5.595413705851299824e-01
-5.561006854506126418e-01
-5.525346670832120832e-01
-5.489006940533577295e-01
-5.452572383474355577e-01
-5.416629245316391117e-01
-5.381755864607542517e-01
-5.348513367097863513e-01
-5.317436637016227374e-01
-5.289025710582859752e-01
-5.263737730239377299e-01
-5.241979589055766331e-01
-5.224101383668581233e-01
-5.210390781095000090e-01
-5.201068390062835167e-01
-5.196284211333526137e-01
-5.196115224133727173e-01
-5.200564147530742920e-01
-5.209559396681711085e-01
-5.222956234660526276e-01
-5.240539101329158012e-01
-5.262025081780965508e-01
-5.287068458547452554e-01
-5.315266274321746032e-01
-5.346164815692515671e-01
-5.379266913562591457e-01
-5.414039942785858761e-01
-5.449924392305235399e-01
