-2.511559423605785324e-01
-2.920422028158026206e-01
-3.282293949051067194e-01
-3.591352531615180643e-01
-3.842624907564411441e-01
-4.032068010308834660e-01
-4.156633629409463015e-01
-4.214317457425272861e-01
-4.204191339970215213e-01
-4.126418210064739522e-01
-3.982249466482490896e-01
-3.774004838275608620e-01
-3.505035059465903546e-01
-3.179667954480143166e-01
-2.803138801834952343e-01
-2.381506096545717432e-01
-1.921554066673858141e-01
-1.430683512557723025e-01
-9.167927251647428610e-02
-3.881503996331325812e-02
1.467374111281777305e-02
6.792641620149872383e-02
1.200861298260309795e-01
1.703136126688115370e-01
2.178006857288241893e-01
2.617832642242976515e-01
3.015536520028714862e-01
3.364719286376046115e-01
3.659762459861921058e-01
3.895918685378959578e-01
4.069388120856246571e-01
4.177379578140681948e-01
4.218155434259204806e-01
4.191059590422902548e-01
4.096528028902114982e-01
3.936081797908504432e-01
3.712302537359948862e-01
3.428790939327842624e-01
3.090108811553806678e-01
2.701705676255451438e-01
2.269831085273942284e-01
1.801434062445414486e-01
1.304051291206181629e-01
7.856858465349514375e-02
2.546784224805884178e-02
-2.804268727274078499e-02
-8.110199945786661369e-02
-1.328563501121222956e-01
-1.824729923598391035e-01
-2.291535758538361112e-01
-2.721469925313599880e-01
-3.107614622239817659e-01
-3.443756636594684784e-01
-3.724487317536360198e-01
-3.945289603320217831e-01
-4.102610702513217467e-01
-4.193919259738015937e-01
-4.217746086128564276e-01
-4.173707799128942852e-01
-4.062512991262199336e-01
-3.885950828611393071e-01
-3.646862262467579496e-01
-3.349094317360042927e-01
-2.997438190991544849e-01
-2.597552162073745730e-01
-2.155870546504638496e-01
-1.679500166817114171e-01
-1.176106000744087110e-01
-6.537878488574391800e-02
-1.209500057447704391e-02
4.138339682365702044e-02
9.419591987550290924e-02
1.454927953154011022e-01
1.944486372151328357e-01
2.402757277524802948e-01
2.822366918858558726e-01
3.196563619947537793e-01
3.519326415795020480e-01
3.785461932193311396e-01
3.990687949058810968e-01
4.131702302956175021e-01
4.206236020144107357e-01
4.213089825212218420e-01
4.152153437871321517e-01
4.024407347404561630e-01
3.831907036227814589e-01
3.577749906408180802e-01
3.266025441305229760e-01
2.901749404252909059e-01
2.490783133049897236e-01
2.039739228840323215e-01
1.555875156885968280e-01
1.046976471233487249e-01
5.212315422353461236e-02
-1.290019739434211665e-03
-5.468243680189155409e-02
-1.071949929864707274e-01
-1.579827416066936774e-01
-2.062284887754568252e-01
-2.511559423605783659e-01
