-7.341144289217415020e-01
-7.942458485776411337e-01
-8.415975552131990112e-01
-8.754076421430864174e-01
-8.951320924121871636e-01
-9.004535322320520452e-01
-8.912863376439602581e-01
-8.677780122404672447e-01
-8.303068137773842450e-01
-7.794756678648913084e-01
-7.161024666687704210e-01
-6.412069087192906469e-01
-5.559940915801432348e-01
-4.618351213775275799e-01
-3.602450511893227070e-01
-2.528585032739221194e-01
-1.414033673861941898e-01
-2.767299838451081628e-02
8.650263952024556113e-02
1.992864175738606747e-01
3.088636025681518182e-01
4.134710565776116287e-01
5.114256065086402181e-01
6.011511269846965266e-01
6.812039007936125934e-01
7.502958488379745106e-01
8.073152558099788711e-01
8.513446581068920826e-01
8.816756061638598707e-01
8.978200636726073602e-01
8.995182602683278184e-01
8.867428713320966160e-01
8.596994576542154043e-01
8.188231578841504987e-01
7.647716869867713374e-01
6.984147533623576987e-01
6.208200649128764459e-01
5.332361492221509014e-01
4.370722642796695534e-01
3.338757229919914749e-01
2.253069963388658059e-01
1.131129957735844682e-01
-9.010352362319729025e-04
-1.149005682518061122e-01
-2.270513081125120070e-01
-3.355487074316628737e-01
-4.386470024394680811e-01
-5.346873029756016305e-01
-6.221242846528634018e-01
-6.995510537050447786e-01
-7.657217844342836255e-01
-8.195717650128997445e-01
-8.602345290952676526e-01
-8.870557975856673272e-01
-8.996040062338571675e-01
-8.976772496654115141e-01
-8.813065301147757769e-01
-8.507552585877086182e-01
-8.065150164795945598e-01
-7.492976458467759393e-01
-6.800237956013932550e-01
-5.998081079257586712e-01
-5.099412832623850811e-01
-4.118693124607113454e-01
-3.071702102430408088e-01
-1.975286243569527311e-01
-8.470872896240849714e-02
2.947416159087012932e-02
1.431828018508409239e-01
2.545875772302094164e-01
3.618959431900365398e-01
4.633812679523827693e-01
5.574106146519686167e-01
6.424710159016011612e-01
7.171938180037999988e-01
7.803767031011235034e-01
8.310030349205764777e-01
8.682582168318029314e-01
8.915427990118062196e-01
9.004821238169958830e-01
8.949323541649243374e-01
8.749827879267850772e-01
8.409544210912387463e-01
7.933947828187943863e-01
7.330691254926544609e-01
6.609481115214063118e-01
5.781921950175152869e-01
4.861329496562455388e-01
3.862516431567719066e-01
2.801554031300785286e-01
1.695513577940958583e-01
5.621916764162038227e-02
-5.801760996320248776e-02
-1.713208625054989942e-01
-2.818674982381014216e-01
-3.878787804102220571e-01
-4.876489478076175832e-01
-5.795726610890559183e-01
-6.621708332972631172e-01
-7.341144289217411689e-01
