-5.483113556160743585e-01
-5.483113564114782124e-01
-5.483113571940836373e-01
-5.483113579512984836e-01
-5.483113586709386089e-01
-5.483113593414248310e-01
-5.483113599519688908e-01
-5.483113604927467577e-01
-5.483113609550571699e-01
-5.483113613314613000e-01
-5.483113616159027703e-01
-5.483113618038047976e-01
-5.483113618921439114e-01
-5.483113618794986932e-01
-5.483113617660727579e-01
-5.483113615536909791e-01
-5.483113612457708452e-01
-5.483113608472667266e-01
-5.483113603645907164e-01
-5.483113598055093796e-01
-5.483113591790185204e-01
-5.483113584951986308e-01
-5.483113577650524650e-01
-5.483113570003284032e-01
-5.483113562133312691e-01
-5.483113554167241555e-01
-5.483113546233245872e-01
-5.483113538458986858e-01
-5.483113530969556670e-01
-5.483113523885462248e-01
-5.483113517320689079e-01
-5.483113511380868221e-01
-5.483113506161571005e-01
-5.483113501746780249e-01
-5.483113498207530245e-01
-5.483113495600769882e-01
-5.483113493968442276e-01
-5.483113493336811972e-01
-5.483113493716041953e-01
-5.483113495100031543e-01
-5.483113497466510777e-01
-5.483113500777402338e-01
-5.483113504979432173e-01
-5.483113510004989921e-01
-5.483113515773210267e-01
-5.483113522191280786e-01
-5.483113529155934085e-01
-5.483113536555104250e-01
-5.483113544269737627e-01
-5.483113552175701289e-01
-5.483113560145785881e-01
-5.483113568051749542e-01
-5.483113575766382919e-01
-5.483113583165555305e-01
-5.483113590130208603e-01
-5.483113596548282453e-01
-5.483113602316505020e-01
-5.483113607342063878e-01
-5.483113611544097044e-01
-5.483113614854990825e-01
-5.483113617221472280e-01
-5.483113618605465200e-01
-5.483113618984698512e-01
-5.483113618353070429e-01
-5.483113616720746153e-01
-5.483113614113988010e-01
-5.483113610574740227e-01
-5.483113606159951692e-01
-5.483113600940657806e-01
-5.483113595000838059e-01
-5.483113588436065999e-01
-5.483113581351972687e-01
-5.483113573862543610e-01
-5.483113566088285706e-01
-5.483113558154291134e-01
-5.483113550188218888e-01
-5.483113542318246436e-01
-5.483113534671005818e-01
-5.483113527369544160e-01
-5.483113520531343044e-01
-5.483113514266432231e-01
-5.483113508675616643e-01
-5.483113503848855430e-01
-5.483113499863810913e-01
-5.483113496784606244e-01
-5.483113494660786236e-01
-5.483113493526523552e-01
-5.483113493400069149e-01
-5.483113494283458067e-01
-5.483113496162475009e-01
-5.483113499006887492e-01
-5.483113502770926573e-01
-5.483113507394027364e-01
-5.483113512801803813e-01
-5.483113518907242190e-01
-5.483113525612103301e-01
-5.483113532808503443e-01
-5.483113540380650797e-01
-5.483113548206705046e-01
-5.483113556160743585e-01
