-1.184140056566430843e+00
-1.256214674127889452e+00
-1.308076327333227651e+00
-1.338890542768562231e+00
-1.348161508172594836e+00
-1.335740050241495336e+00
-1.301826034883204475e+00
-1.246965151300155838e+00
-1.172040131645736505e+00
-1.078256547533498422e+00
-9.671234119386054040e-01
-8.404288986141805751e-01
-7.002115697062363253e-01
-5.487275745256336990e-01
-3.884143472611060188e-01
-2.218513877507383714e-01
-5.171875636396572329e-02
1.192460491730201744e-01
2.882921411404359979e-01
4.526995046380805077e-01
6.098227636432855814e-01
7.571337461013869508e-01
8.922621631604750192e-01
1.013033748006312074e+00
1.117505240629285801e+00
1.203995655605399673e+00
1.271113329781004220e+00
1.317778314653890392e+00
1.343239753148957050e+00
1.347087961189624039e+00
1.329261019667985710e+00
1.290045770746434117e+00
1.230073202459889714e+00
1.150308295882120024e+00
1.052034498219029501e+00
9.368330716626731558e-01
8.065576502906635081e-01
6.633044143999683451e-01
5.093783621812593143e-01
3.472562214351669341e-01
1.795465980948420248e-01
8.948002779982089372e-03
-1.617945692491876697e-01
-3.299338060932175409e-01
-4.927642844903100672e-01
-6.476660010893563468e-01
-7.921465292846130435e-01
-9.238811232928096917e-01
-1.040750124183034586e+00
-1.140873065982407786e+00
-1.222638933077515588e+00
-1.284732082058692271e+00
-1.326153410914980846e+00
-1.346236434959489081e+00
-1.344658010817493032e+00
-1.321443535924302637e+00
-1.276966539871018824e+00
-1.211942674173587475e+00
-1.127418197172009418e+00
-1.024753139341999741e+00
-9.055994198955163998e-01
-7.718742667822685588e-01
-6.257293677743078764e-01
-4.695162490043233161e-01
-3.057484380298924331e-01
-1.370610202341775996e-01
3.383176068431181793e-02
2.041801759088607282e-01
3.712432556705538289e-01
5.323328924778981674e-01
6.848570937726266017e-01
8.263616880602365766e-01
9.545698134480374852e-01
1.067418553205313536e+00
1.163092128865754749e+00
1.240051116782686647e+00
1.297057218031822723e+00
1.333193183104490975e+00
1.347877570795592561e+00
1.340874103810247187e+00
1.312295470553915822e+00
1.262601511933772125e+00
1.192591822346372954e+00
1.103392883904495081e+00
9.964399409182568279e-01
8.734539062768995610e-01
7.364136713162027226e-01
5.875242647161058596e-01
4.291813727638282838e-01
2.639327918647060844e-01
9.443743354430156334e-02
-7.657745843338970015e-02
-2.463601904390035902e-01
-4.121788947583743257e-01
-5.713654863666888239e-01
-7.213585934153159407e-01
-8.597447706636640596e-01
-9.842973327165417397e-01
-1.093012182225712836e+00
-1.184140056566430399e+00
