-2.802298152916677054e+00
-2.820022839176336227e+00
-2.792372302310783816e+00
-2.719791449808845130e+00
-2.603448134757076815e+00
-2.445214364646433935e+00
-2.247636180070972767e+00
-2.013892687981618135e+00
-1.747744908665253005e+00
-1.453475259520415674e+00
-1.135818649358277810e+00
-7.998862919474185595e-01
-4.510834646709624973e-01
-9.502253559008469463e-02
2.625673416590225129e-01
6.159324120917948342e-01
9.593868994468508493e-01
1.287404492454440996e+00
1.594707265253489270e+00
1.876350601194428203e+00
2.127802753572048733e+00
2.345017763126397092e+00
2.524500559041821912e+00
2.663363195944740802e+00
2.759371322025764961e+00
2.810980130596724358e+00
2.817359216608550376e+00
2.778405938179377976e+00
2.694747068140839197e+00
2.567728709028583189e+00
2.399394633788576314e+00
2.192453400705341338e+00
1.950234771685237956e+00
1.676636135140935790e+00
1.376059795552914355e+00
1.053342138742409118e+00
7.136758126131199642e-01
3.625261755026149557e-01
5.543356520803288667e-03
-3.515286571425216833e-01
-7.029444431217428679e-01
-1.043049589872032668e+00
-1.366371678267754852e+00
-1.667708334874750342e+00
-1.942210940086323667e+00
-2.185462644227755824e+00
-2.393549436320951962e+00
-2.563123121986256692e+00
-2.691455197143369116e+00
-2.776480750663386843e+00
-2.816831689561842822e+00
-2.811858752126954908e+00
-2.761641954783611297e+00
-2.666989304599143740e+00
-2.529423798147139468e+00
-2.351158915922469284e+00
-2.135063006611515490e+00
-1.884613134288094294e+00
-1.603839131150892605e+00
-1.297258756014886050e+00
-9.698050018808184181e-01
-6.267467222312288477e-01
-2.736038532055654615e-01
8.394140423860430023e-02
4.401360130660855741e-01
7.892486686835162857e-01
1.125662017775742374e+00
1.443963043623422760e+00
1.739030163568373588e+00
2.006115637195724499e+00
2.240921959254462248e+00
2.439671008125630980e+00
2.599164837213494117e+00
2.716837131103360559e+00
2.790794498537286117e+00
2.819846937788170749e+00
2.803526984233027708e+00
2.742097232033743115e+00
2.636546108898718099e+00
2.488571971911037295e+00
2.300555780327234956e+00
2.075522785051572061e+00
1.817093851216534883e+00
1.529427197107402048e+00
1.217151486873466748e+00
8.852913535891813179e-01
5.391865510270932305e-01
1.844060350207436250e-01
-1.733416431193516849e-01
-5.283001893332266441e-01
-8.747581877376723325e-01
-1.207140999445830420e+00
-1.520100460593663882e+00
-1.808600936298560447e+00
-2.068000345909611681e+00
-2.294124855823016951e+00
-2.483336038027183168e+00
-2.632589413771426745e+00
-2.739483440368755129e+00
-2.802298152916676610e+00
