8.185656254149875632e-02
8.141827264068313141e-02
7.966993225509222398e-02
7.663967283600120473e-02
7.237625239180565939e-02
6.694827095341476797e-02
6.044306677407417644e-02
5.296531102417727233e-02
4.463532359295106777e-02
3.558713709639824141e-02
2.596634024233206162e-02
1.592773525356826550e-02
5.632847042211456406e-03
-4.752675786645517431e-03
-1.506172628298627428e-02
-2.512842796525111694e-02
-3.479080383501931967e-02
-4.389338264754788499e-02
-5.228970050229837796e-02
-5.984465750192356076e-02
-6.643669156018890132e-02
-7.195973438144534495e-02
-7.632491813921185586e-02
-7.946200539276997155e-02
-8.132051923387770276e-02
-8.187055547911852027e-02
-8.110326383940681672e-02
-7.903099032445229377e-02
-7.568707859084208844e-02
-7.112533343012462927e-02
-6.541915502957229567e-02
-5.866035793569171486e-02
-5.095769372380073992e-02
-4.243510114447177767e-02
-3.322971190264006197e-02
-2.348964415713730713e-02
-1.337161924407024444e-02
-3.038439971855346616e-03
7.343628936911419589e-03
1.760753610708097605e-02
2.758813143011047339e-02
3.712482339113231528e-02
4.606416304654344790e-02
5.426231307495021916e-02
6.158736217351302999e-02
6.792144756018886342e-02
7.316265143001458859e-02
7.722664085074082418e-02
8.004802471128075192e-02
8.158140588916591718e-02
8.180211170724066561e-02
8.070659092627355258e-02
7.831247088572579340e-02
7.465827387326096076e-02
6.980279728671583139e-02
6.382416756195936902e-02
5.681858308929357837e-02
4.889876634534309069e-02
4.019215014620955428e-02
3.083882720575801401e-02
2.098929599140823138e-02
1.080203914745709454e-02
4.409734500051398082e-04
-9.927187675330620062e-03
-2.013561663484274289e-02
-3.002005598516546692e-02
-3.942146139702700641e-02
-4.818856073804308332e-02
-5.618028809795488909e-02
-6.326805359193092559e-02
-6.933781241995032318e-02
-7.429189989032622399e-02
-7.805060288115514555e-02
-8.055344245428773531e-02
-8.176014698408337611e-02
-8.165130014294169625e-02
-8.022865331728228078e-02
-7.751509742708133366e-02
-7.355429460240031636e-02
-6.840997564336907810e-02
-6.216491456775458807e-02
-5.491959674602958641e-02
-4.679060205414654894e-02
-3.790872905969278062e-02
-2.841689042397520931e-02
-1.846781338380217713e-02
-8.221582313072029954e-03
2.156937094729501417e-03
1.250075057725243133e-02
2.264342230347642093e-02
3.242175288853464676e-02
4.167840533290894517e-02
5.026443663364879577e-02
5.804169433304406933e-02
6.488503944338502860e-02
7.068435998011948773e-02
7.534634270490297991e-02
7.879597457053442999e-02
8.097774970896626234e-02
8.185656254149875632e-02
