-1.780595258264598968e-01
-2.179804411200622904e-01
-2.543939695175913007e-01
-2.867142037161483636e-01
-3.144210990487735780e-01
-3.370688411978099985e-01
-3.542930195141597571e-01
-3.658164905210413709e-01
-3.714538372562761204e-01
-3.711143527006187659e-01
-3.648034992876520444e-01
-3.526228210111853612e-01
-3.347683095443826362e-01
-3.115272506603743441e-01
-2.832736016966251880e-01
-2.504619744413878468e-01
-2.136203202598513928e-01
-1.733414351590430447e-01
-1.302734214781686162e-01
-8.510925967936502912e-02
-3.857565803265554372e-02
8.578640392149727845e-03
5.559490528173083312e-02
1.017166273340204263e-01
1.462016907760653184e-01
1.883343142846147789e-01
2.274365681755571300e-01
2.628792825463116545e-01
2.940921708550833791e-01
3.205730060448015450e-01
3.418957015644695785e-01
3.577171672612722286e-01
3.677828298295655607e-01
3.719307289906616520e-01
3.700941234943405655e-01
3.623025650105499151e-01
3.486814226319737142e-01
3.294498656383998969e-01
3.049173369809656253e-01
2.754785742292365502e-01
2.416072580959478522e-01
2.038483907370185477e-01
1.628095264628484640e-01
1.191509959620317693e-01
7.357528133339188980e-02
2.681571288604367442e-02
-2.037533041979200377e-02
-6.723852703190469349e-02
-1.130198305741108161e-01
-1.569826027347155928e-01
-1.984194660527012211e-01
-2.366636858858713888e-01
-2.710998984208303209e-01
-3.011740121070931586e-01
-3.264021231975523518e-01
-3.463783019409111819e-01
-3.607811241433384053e-01
-3.693788430040669812e-01
-3.720331180081715150e-01
-3.687012408772389893e-01
-3.594368227615556410e-01
-3.443889316166304226e-01
-3.237996936439886397e-01
-2.980003973899529313e-01
-2.674061631889178559e-01
-2.325092637217756331e-01
-1.938712031642015332e-01
-1.521136823742781086e-01
-1.079085954929587116e-01
-6.196721891582558650e-02
-1.502876658962598588e-02
3.215150421684456750e-02
7.881444528492316526e-02
1.242092324250932273e-01
1.676054465192577392e-01
2.083048262377704130e-01
2.456525033256201918e-01
2.790475396777933881e-01
3.079525966583390728e-01
3.319025810801665144e-01
3.505121287285298259e-01
3.634818050154985380e-01
3.706029229945669856e-01
3.717609012117441547e-01
3.669371073640399494e-01
3.562091581001951557e-01
3.397496701397486607e-01
3.178234828054025685e-01
2.907833966591805153e-01
2.590644968093176459e-01
2.231771522280016351e-01
1.836988037235569304e-01
1.412646727016821924e-01
9.655754021524388941e-02
5.029676076154696029e-02
3.226687599187261224e-03
-4.389530417451703581e-02
-9.031100407235440053e-02
-1.352735661077900386e-01
-1.780595258264597303e-01
