6.800564892544957996e-02
6.279604777136706117e-02
5.657603470167058696e-02
4.944569205504140835e-02
4.151974971382490359e-02
3.292573905727588790e-02
2.380194093392650270e-02
1.429516067096954154e-02
4.558365921588970054e-03
-5.251774641841410601e-03
-1.497741218534360749e-02
-2.446205756016296001e-02
-3.355309927175159634e-02
-4.210425905584391781e-02
-4.997794555048634679e-02
-5.704746819255681473e-02
-6.319907571635052790e-02
-6.833378645402668483e-02
-7.236898098769663223e-02
-7.523973152678531395e-02
-7.689984662048657271e-02
-7.732261439549795168e-02
-7.650123236006128868e-02
-7.444891685860159647e-02
-7.119869041579786340e-02
-6.680285039179945095e-02
-6.133212749812422954e-02
-5.487454771403311310e-02
-4.753401591557231132e-02
-3.942864400722203427e-02
-3.068885045713967696e-02
-2.145526181518647713e-02
-1.187644997909834479e-02
-2.106541617035089659e-03
7.697261788205633087e-03
1.737721336989345167e-02
2.677755908350121575e-02
3.574704384758663200e-02
4.414134529467278467e-02
5.182539597216671845e-02
5.867555662823213669e-02
6.458160561363482377e-02
6.944851238933855142e-02
7.319796660345220807e-02
7.576963813410589332e-02
7.712214782369600230e-02
7.723373328502071422e-02
7.610259906623655091e-02
7.374694554035075844e-02
7.020467605440644521e-02
6.553278705043992514e-02
5.980645097139262317e-02
5.311780670836381557e-02
4.557447705136224297e-02
3.729783699832692201e-02
2.842106078597561591e-02
1.908697906648320133e-02
9.445780708821766014e-03
-3.474037963632041481e-04
-1.013499844441805020e-02
-1.975951717358308268e-02
-2.906609787467885619e-02
-3.790499418041427121e-02
-4.613398494049153475e-02
-5.362066261315379112e-02
-6.024456375209680942e-02
-6.589910730841450071e-02
-7.049330955957269773e-02
-7.395324807156401781e-02
-7.622325113854262757e-02
-7.726679356141151478e-02
-7.706708435194867257e-02
-7.562733690609321768e-02
-7.297071729920170946e-02
-6.913997153522376260e-02
-6.419673774749713735e-02
-5.822055441810861098e-02
-5.130758057394297494e-02
-4.356904855194438514e-02
-3.512947422917679641e-02
-2.612465351575024575e-02
-1.669947734779389861e-02
-7.005600338055879145e-03
2.800999403586728470e-03
1.256253001630397784e-02
2.212192481842151226e-02
3.132536956912436443e-02
4.002477739717100191e-02
4.808017157408564501e-02
5.536193779211841248e-02
6.175290970697615289e-02
6.715025418816264469e-02
7.146712594254228668e-02
7.463406488761620272e-02
7.660011379025119527e-02
7.733363818763631936e-02
7.682283539763121172e-02
7.507592442834024049e-02
7.212101373119518544e-02
6.800564892544959383e-02
