6.465373021554743360e-02
5.484007138604862774e-02
4.414401527920319701e-02
3.273766544171494153e-02
2.080455431230387314e-02
8.536690116064074574e-03
-3.868532619754214141e-03
-1.621150921758028607e-02
-2.829363656350493070e-02
-3.992050870572785848e-02
-5.090504491909591395e-02
-6.107049990400215816e-02
-7.025330768441923057e-02
-7.830571344568251768e-02
-8.509815096476858187e-02
-9.052132737932502837e-02
-9.448798175073841454e-02
-9.693428912530163699e-02
-9.782088750161113677e-02
-9.713351117990431938e-02
-9.488322030250874450e-02
-9.110622289201202040e-02
-8.586329225062427906e-02
-7.923878909499573742e-02
-7.133930416070641267e-02
-6.229194311742970724e-02
-5.224228139112665342e-02
-4.135202180094785240e-02
-2.979639270034173393e-02
-1.776132848725286636e-02
-5.440477850056642251e-03
6.967912112326814233e-03
1.926418576046579761e-02
3.125049144839426446e-02
4.273396503065873819e-02
5.352983311861547744e-02
6.346438615342105127e-02
7.237777345786078342e-02
8.012657529358287178e-02
8.658611053837653171e-02
9.165244285210075170e-02
9.524405305130503874e-02
9.730315078340648349e-02
9.779660439509625658e-02
9.671647403304356461e-02
9.408013939910815637e-02
8.993002010443137961e-02
8.433289312201358578e-02
7.737881832022150408e-02
6.917968936579338424e-02
5.986743331285465652e-02
4.959188784723241733e-02
3.851839034199971978e-02
2.682511751725137616e-02
1.470021850997852916e-02
2.338787484023802099e-03
-1.006027550804695220e-02
-2.229746490124560193e-02
-3.417587973738574203e-02
-4.550439187520681494e-02
-5.610072131371421356e-02
-6.579436914562908356e-02
-7.442936094863136787e-02
-8.186675647220152674e-02
-8.798688523826260488e-02
-9.269127208396933659e-02
-9.590422166394169112e-02
-9.757403641670736594e-02
-9.767384839781864669e-02
-9.620205159513600668e-02
-9.318232777016460799e-02
-8.866326540964693248e-02
-8.271757791862230369e-02
-7.544093363452050727e-02
-6.695041648780006294e-02
-5.738264207767860420e-02
-4.689155947600034957e-02
-3.564597412904148277e-02
-2.382683171468889805e-02
-1.162430665874885152e-02
7.652578427549336371e-04
1.314250905910354164e-02
2.530829238494509623e-02
3.706685581244694577e-02
4.822899965437869862e-02
5.861512083790460653e-02
6.805810278525739609e-02
7.640600438203346001e-02
8.352450476660044920e-02
8.929906460304268268e-02
9.363676906195206318e-02
9.646782285481544927e-02
9.774667326633350306e-02
9.745274311466206596e-02
9.559076184597084525e-02
9.219068943588426546e-02
8.730723432225813430e-02
8.101897312593574207e-02
7.342708632350355979e-02
6.465373021554747524e-02
