6.210019498334546501e-02
3.078973243609232566e-02
-1.016148431837018973e-03
-3.280567909111470337e-02
-6.406735409339062159e-02
-9.429816138543244131e-02
-1.230116759613589517e-01
-1.497458866230720331e-01
-1.740706299133829293e-01
-1.955945116070647027e-01
-2.139712043904505034e-01
-2.289050203975536157e-01
-2.401556689385188625e-01
-2.475421228667722129e-01
-2.509455313735746707e-01
-2.503111323420252887e-01
-2.456491334900214873e-01
-2.370345481242573937e-01
-2.246059881480383102e-01
-2.085634337438689312e-01
-1.891650156174566333e-01
-1.667228615780284307e-01
-1.415980742850388996e-01
-1.141949209712052327e-01
-8.495432863139965041e-02
-5.434678934224673047e-02
-2.286478986848636610e-02
8.985112633427001783e-03
4.069044130959577343e-02
7.174104555309807063e-02
1.016373095182221409e-01
1.298981911264492362e-01
1.560689622135694732e-01
1.797285252760663921e-01
2.004961890875810449e-01
2.180377941632520855e-01
2.320710895109152350e-01
2.423702741552253848e-01
2.487696303598748993e-01
2.511661900880063913e-01
2.495213917964697325e-01
2.438617009054869500e-01
2.342781839601336680e-01
2.209250433355390841e-01
2.040171360629464137e-01
1.838265166996506383e-01
1.606780598693317574e-01
1.349442329077457925e-01
1.070391027238646875e-01
7.741167330830935056e-02
4.653866109106041815e-02
1.491682439564820384e-02
-1.694502958823054101e-02
-4.853423170285899729e-02
-7.934249986116158337e-02
-1.088741174957526814e-01
-1.366539098240733552e-01
-1.622348895885172559e-01
-1.852054492487315573e-01
-2.051959839010203401e-01
-2.218848383596035978e-01
-2.350034827089632627e-01
-2.443408330507059190e-01
-2.497466479225038394e-01
-2.511339457394657360e-01
-2.484804043603978663e-01
-2.418287202594117946e-01
-2.312859215236733323e-01
-2.170216457314150527e-01
-1.992654104198006426e-01
-1.783029200618345689e-01
-1.544714689744424163e-01
-1.281545141266474952e-01
-9.977550517339781044e-02
-6.979107099210389575e-02
-3.868367235306890972e-02
-6.953838945088677836e-03
2.488788433460704247e-02
5.632915223886834216e-02
8.686406299744053872e-02
1.160012984658287671e-01
1.432720296181606290e-01
1.682374601817122617e-01
1.904958870331968646e-01
2.096891637523900509e-01
2.255084633320994514e-01
2.376992473203156653e-01
2.460653614391899169e-01
2.504721917807916087e-01
2.508488307952784768e-01
2.471892182199169896e-01
2.395522385909782948e-01
2.280607737695068693e-01
2.128997257261765474e-01
1.943130413993675587e-01
1.725997874976079594e-01
1.481093384042815320e-01
1.212357546130164443e-01
9.241144214682836533e-02
6.210019498334558991e-02
