-2.179969756922094177e+02
-2.194537147158010271e+02
-2.209083753060062350e+02
-2.223375514293933577e+02
-2.237182471071415080e+02
-2.250282464289483073e+02
-2.262464710153428484e+02
-2.273533191767018309e+02
-2.283309813117730869e+02
-2.291637264708269299e+02
-2.298381554725256706e+02
-2.303434165017672512e+02
-2.306713797194526308e+02
-2.308167680746399810e+02
-2.307772422142699043e+02
-2.305534381242317465e+02
-2.301489568961128214e+02
-2.295703067842862595e+02
-2.288267984856624651e+02
-2.279303953270898830e+02
-2.268955207709481101e+02
-2.257388263362388443e+02
-2.244789236694116710e+02
-2.231360850760057133e+02
-2.217319173316650733e+02
-2.202890140210299705e+02
-2.188305919985027970e+02
-2.173801178203692643e+02
-2.159609301591238193e+02
-2.145958642754923744e+02
-2.133068845905390845e+02
-2.121147312699094698e+02
-2.110385865068012379e+02
-2.100957658732951074e+02
-2.093014397063182628e+02
-2.086683890112440167e+02
-2.082067998107314111e+02
-2.079240992478071632e+02
-2.078248360803545154e+02
-2.079106074898957104e+02
-2.081800333823437086e+02
-2.086287785942326423e+02
-2.092496226471205034e+02
-2.100325759277907025e+02
-2.109650404248676523e+02
-2.120320124355361884e+02
-2.132163239807360355e+02
-2.144989190443716041e+02
-2.158591601917443938e+02
-2.172751606336026953e+02
-2.187241363927736302e+02
-2.201827729068848498e+02
-2.216276001684007326e+02
-2.230353703658289817e+02
-2.243834319497106549e+02
-2.256500941045298134e+02
-2.268149757620551270e+02
-2.278593335403570563e+02
-2.287663633318395284e+02
-2.295214706876214450e+02
-2.301125056476826671e+02
-2.305299582382686197e+02
-2.307671114909283574e+02
-2.308201495210508938e+02
-2.306882189268774823e+02
-2.303734425210549830e+02
-2.298808851737860550e+02
-2.292184723171712903e+02
-2.283968624220403285e+02
-2.274292754991658398e+02
-2.263312803843418806e+02
-2.251205442299877291e+02
-2.238165482340519929e+02
-2.224402741802450691e+02
-2.210138668332848226e+02
-2.195602776213430900e+02
-2.181028953389742355e+02
-2.166651698126556482e+02
-2.152702345843017042e+02
-2.139405346839145352e+02
-2.126974654806491003e+02
-2.115610284233143830e+02
-2.105495092095750920e+02
-2.096791835622306621e+02
-2.089640553467432369e+02
-2.084156312437999929e+02
-2.080427356025134031e+02
-2.078513684533410526e+02
-2.078446089653490958e+02
-2.080225659012297115e+02
-2.083823758672684505e+02
-2.089182493864210528e+02
-2.096215640531663098e+02
-2.104810032712386203e+02
-2.114827383418981128e+02
-2.126106509728698484e+02
-2.138465926277006304e+02
-2.151706765425036565e+02
-2.165615977114343593e+02
-2.179969756922094177e+02
