-2.390252930183973845e+01
-2.431607452618544229e+01
-2.473047767411364717e+01
-2.513907084384716839e+01
-2.553527961833288273e+01
-2.591272885007314031e+01
-2.626534523963551138e+01
-2.658745505731406666e+01
-2.687387543556428326e+01
-2.711999776328197598e+01
-2.732186184008111596e+01
-2.747621959740052944e+01
-2.758058736114291420e+01
-2.763328581492078584e+01
-2.763346702088580642e+01
-2.758112806336616885e+01
-2.747711109578084177e+01
-2.732308979007583005e+01
-2.712154240671599936e+01
-2.687571191854655339e+01
-2.658955383014592400e+01
-2.626767253227644261e+01
-2.591524721551335730e+01
-2.553794853512972907e+01
-2.514184736813031051e+01
-2.473331713056800396e+01
-2.431893122689374920e+01
-2.390535728141822247e+01
-2.349924985374074282e+01
-2.310714336439423988e+01
-2.273534695357282587e+01
-2.238984296470429669e+01
-2.207619068630495107e+01
-2.179943690094633624e+01
-2.156403468063444606e+01
-2.137377173521418428e+01
-2.123170946670009585e+01
-2.114013371017193776e+01
-2.110051795383256845e+01
-2.111349963003118546e+01
-2.117886985873821715e+01
-2.129557680850317780e+01
-2.146174262081645878e+01
-2.167469362555568679e+01
-2.193100336133887041e+01
-2.222654770857068129e+01
-2.255657124807055780e+01
-2.291576377754746119e+01
-2.329834575474254876e+01
-2.369816129242761704e+01
-2.410877720893500253e+01
-2.452358654045879760e+01
-2.493591484957570970e+01
-2.533912761944173297e+01
-2.572673700565169952e+01
-2.609250622808439601e+01
-2.643054992302942097e+01
-2.673542884089236793e+01
-2.700223736575693323e+01
-2.722668244858137143e+01
-2.740515268396461224e+01
-2.753477641901108441e+01
-2.761346795930073483e+01
-2.763996112849305575e+01
-2.761382964157832021e+01
-2.753549396396300253e+01
-2.740621454602399254e+01
-2.722807154199018242e+01
-2.700393133948224289e+01
-2.673740043826280299e+01
-2.643276742030524673e+01
-2.609493394490436202e+01
-2.572933587914337394e+01
-2.534185583275779052e+01
-2.493872850474260261e+01
-2.452644036471163957e+01
-2.411162528317327158e+01
-2.370095779007067094e+01
-2.330104567909647528e+01
-2.291832368581872714e+01
-2.255894995037680317e+01
-2.222870693070135317e+01
-2.193290836060160842e+01
-2.167631374979924175e+01
-2.146305180163527382e+01
-2.129655398068780769e+01
-2.117949929922241381e+01
-2.111377121088193576e+01
-2.110042730521231746e+01
-2.113968229065092075e+01
-2.123090453978739234e+01
-2.137262625248513359e+01
-2.156256707333495015e+01
-2.179767078342723963e+01
-2.207415447605825065e+01
-2.238756942511509251e+01
-2.273287266674419271e+01
-2.310450814252746099e+01
-2.349649609854211718e+01
-2.390252930183973845e+01
