-5.406268799498953115e+01
-5.473058593074324563e+01
-5.540010174769716400e+01
-5.606046268573099667e+01
-5.670104329015332212e+01
-5.731153637924506228e+01
-5.788211889067171967e+01
-5.840360993823347968e+01
-5.886761853576096826e+01
-5.926667861122369629e+01
-5.959436913862398200e+01
-5.984541745470878027e+01
-6.001578409809528125e+01
-6.010272780571660434e+01
-6.010484962077076432e+01
-6.002211540245924937e+01
-5.985585637532528835e+01
-5.960874770935262745e+01
-5.928476547547899855e+01
-5.888912266912645066e+01
-5.842818533115347890e+01
-5.790937011587462280e+01
-5.734102495431618962e+01
-5.673229473288107272e+01
-5.609297414870325582e+01
-5.543335010930442763e+01
-5.476403621240110908e+01
-5.409580196914439654e+01
-5.343939951865402094e+01
-5.280539062207502354e+01
-5.220397671988723687e+01
-5.164483478690920037e+01
-5.113696162615082130e+01
-5.068852910688514157e+01
-5.030675267621265334e+01
-4.999777525981644999e+01
-4.976656841998848080e+01
-4.961685236133117627e+01
-4.955103607127279020e+01
-4.957017855855794153e+01
-4.967397181340043488e+01
-4.986074576347605358e+01
-5.012749514601142664e+01
-5.046992786358700300e+01
-5.088253404559128512e+01
-5.135867470410148172e+01
-5.189068855768441324e+01
-5.247001530428274663e+01
-5.308733335967941969e+01
-5.373270984527726313e+01
-5.439576041183380539e+01
-5.506581632752782696e+01
-5.573209614184818861e+01
-5.638387916316831650e+01
-5.701067795868775789e+01
-5.760240710115175489e+01
-5.814954544715109819e+01
-5.864328933588376458e+01
-5.907569424335276409e+01
-5.943980261273112120e+01
-5.972975580405580587e+01
-5.994088836193779457e+01
-6.006980308448572714e+01
-6.011442568555609256e+01
-6.007403817079369901e+01
-5.994929039042967389e+01
-5.974218958294797233e+01
-5.945606807786673897e+01
-5.909552967730902395e+01
-5.866637557910316048e+01
-5.817551103333813245e+01
-5.763083423430478547e+01
-5.704110923559297675e+01
-5.641582493318871627e+01
-5.576504238558561610e+01
-5.509923292758751501e+01
-5.442910968261166715e+01
-5.376545518452257255e+01
-5.311894788262587497e+01
-5.249999032142160615e+01
-5.191854175976913410e+01
-5.138395792268396178e+01
-5.090484046422007935e+01
-5.048889856363621931e+01
-5.014282488181580533e+01
-4.987218787384800578e+01
-4.968134219050084255e+01
-4.957335861026025725e+01
-4.954997462935470054e+01
-4.961156650479047414e+01
-4.975714320023561754e+01
-4.998436233216546043e+01
-5.028956785969040766e+01
-5.066784891162243554e+01
-5.111311880423082954e+01
-5.161821297826188726e+01
-5.217500427937930851e+01
-5.277453372711974566e+01
-5.340715466824214275e+01
-5.406268799498953115e+01
