-1.342936271664448356e+01
-1.372096260031229242e+01
-1.401235043360434496e+01
-1.429883767720531473e+01
-1.457581464412248096e+01
-1.483882467127503269e+01
-1.508363582887132992e+01
-1.530630901374342656e+01
-1.550326133099160586e+01
-1.567132374410452655e+01
-1.580779206594298891e+01
-1.591047047012327198e+01
-1.597770682268564713e+01
-1.600841926554823758e+01
-1.600211362400853332e+01
-1.595889135819936122e+01
-1.587944793055733683e+01
-1.576506161557194652e+01
-1.561757293187049989e+01
-1.543935502758443157e+01
-1.523327549550750959e+01
-1.500265023245433760e+01
-1.475119008523933495e+01
-1.448294114176238168e+01
-1.420221962793990400e+01
-1.391354245801415601e+01
-1.362155455571219065e+01
-1.333095411568433519e+01
-1.304641700779353997e+01
-1.277252154061894274e+01
-1.251367479475697309e+01
-1.227404171124482879e+01
-1.205747807610009126e+01
-1.186746847928031912e+01
-1.170707024632623927e+01
-1.157886424484929933e+01
-1.148491335740569497e+01
-1.142672928894381812e+01
-1.140524824290575268e+01
-1.142081585736343108e+01
-1.147318164357267634e+01
-1.156150301643085321e+01
-1.168435885198659108e+01
-1.183977235385614435e+01
-1.202524286061718328e+01
-1.223778608238719379e+01
-1.247398211916479838e+01
-1.273003048830100248e+01
-1.300181127568766293e+01
-1.328495142671774154e+01
-1.357489511037092988e+01
-1.386697702424019063e+01
-1.415649746099388828e+01
-1.443879792842603393e+01
-1.470933610633974276e+01
-1.496375893417954472e+01
-1.519797265340526771e+01
-1.540820867759937229e+01
-1.559108423043316094e+01
-1.574365677580419032e+01
-1.586347136434368110e+01
-1.594860013447082459e+01
-1.599767333240731304e+01
-1.600990135202836484e+01
-1.598508743992085535e+01
-1.592363086121939908e+01
-1.582652047528085504e+01
-1.569531882456712779e+01
-1.553213699275201520e+01
-1.533960063659465334e+01
-1.512080773813936041e+01
-1.487927875702487412e+01
-1.461889998497089849e+01
-1.434386101388955836e+01
-1.405858732378320042e+01
-1.376766907511454185e+01
-1.347578725140652978e+01
-1.318763834046520778e+01
-1.290785876613281857e+01
-1.264095028649262531e+01
-1.239120755889612191e+01
-1.216264903731863534e+01
-1.195895231393058289e+01
-1.178339494526278663e+01
-1.163880171509497252e+01
-1.152749918262734319e+01
-1.145127824727211774e+01
-1.141136533241158268e+01
-1.140840265178678159e+01
-1.144243787603801188e+01
-1.151292336566638141e+01
-1.161872498275834431e+01
-1.175814033968927852e+01
-1.192892619117764674e+01
-1.212833452894129316e+01
-1.235315679817940193e+01
-1.259977552442032334e+01
-1.286422252003997535e+01
-1.314224273388617270e+01
-1.342936271664448356e+01
