-8.621562009824739192e+00
-8.843123809942607494e+00
-9.063556997091410494e+00
-9.279314718773317594e+00
-9.486925352480062301e+00
-9.683048365398670754e+00
-9.864528064834907184e+00
-1.002844437449001624e+01
-1.017215981958148063e+01
-1.029336196479956556e+01
-1.039010062225709241e+01
-1.046081923074257780e+01
-1.050437990137279698e+01
-1.052008172665087748e+01
-1.050767205833030005e+01
-1.046735057261975577e+01
-1.039976605731821024e+01
-1.030600597257634554e+01
-1.018757895325565599e+01
-1.004639053442879870e+01
-9.884712490606942126e+00
-9.705146282037482308e+00
-9.510581196234831225e+00
-9.304147858262737714e+00
-9.089167857805099615e+00
-8.869100303544554365e+00
-8.647486164808890763e+00
-8.427891296049049075e+00
-8.213849060906170507e+00
-8.008803479067934106e+00
-7.816053810702550564e+00
-7.638701470127626791e+00
-7.479600122892805736e+00
-7.341309769232839955e+00
-7.226055552705509477e+00
-7.135691956798820179e+00
-7.071672965597474381e+00
-7.035028668634669025e+00
-7.026348686365905039e+00
-7.045772682955135480e+00
-7.092988119026092164e+00
-7.167235280537843423e+00
-7.267319502868099690e+00
-7.391630393414199141e+00
-7.538167743412913069e+00
-7.704573712048205181e+00
-7.888170764992586292e+00
-8.086004756936754134e+00
-8.294892464893464989e+00
-8.511472807447001188e+00
-8.732260925811337060e+00
-8.953704256512516224e+00
-9.172239693464815602e+00
-9.384350919681461178e+00
-9.586624986131250026e+00
-9.775807227366049901e+00
-9.948853630306219387e+00
-1.010297981355052954e+01
-1.023570582911523275e+01
-1.034489606572544673e+01
-1.042879361160001395e+01
-1.048604852381973807e+01
-1.051573954941429179e+01
-1.051738894866736729e+01
-1.049097018212754762e+01
-1.043690833763801962e+01
-1.035607329051404157e+01
-1.024976570692350464e+01
-1.011969611568139271e+01
-9.967957385200831411e+00
-9.796991048456890283e+00
-9.609548017807046705e+00
-9.408644321781581610e+00
-9.197512576055514089e+00
-8.979549969452298441e+00
-8.758263601903957252e+00
-8.537214053900331834e+00
-8.319958095416131627e+00
-8.109991456150618561e+00
-7.910692577928157831e+00
-7.725268254304569204e+00
-7.556702032058400853e+00
-7.407706204806410177e+00
-7.280678171183939895e+00
-7.177661859803448507e+00
-7.100314841678009081e+00
-7.049881659283220081e+00
-7.027173801402891939e+00
-7.032556645970741371e+00
-7.065943581002667173e+00
-7.126797398215992452e+00
-7.214138936911833611e+00
-7.326562839037283226e+00
-7.462260161922558588e+00
-7.619047484845712148e+00
-7.794402041089396604e+00
-7.985502310201705534e+00
-8.189273417316448089e+00
-8.402436609040798032e+00
-8.621562009824739192e+00
