-6.030942552204622054e+00
-6.207743437968671785e+00
-6.382687574306372014e+00
-6.552960044575738330e+00
-6.715821100990612358e+00
-6.868650248188130192e+00
-7.008988407980061730e+00
-7.134577486841394034e+00
-7.243396709480430573e+00
-7.333695133869694516e+00
-7.404019824558595531e+00
-7.453239230948713434e+00
-7.480561394366519679e+00
-7.485546690974886452e+00
-7.468114905485195187e+00
-7.428546521851362883e+00
-7.367478210178025400e+00
-7.285892582460218314e+00
-7.185102381988556886e+00
-7.066729360818273520e+00
-6.932678185171567087e+00
-6.785105788645095615e+00
-6.626386666340986942e+00
-6.459074668351777682e+00
-6.285861907356420808e+00
-6.109535441519523324e+00
-5.932932429682166386e+00
-5.758894480414107342e+00
-5.590221929468155437e+00
-5.429628781329646436e+00
-5.279699039868313015e+00
-5.142845130748727733e+00
-5.021269084598301902e+00
-4.916927105510175977e+00
-4.831498094987090930e+00
-4.766356637787723116e+00
-4.722550884343358568e+00
-4.700785685625093357e+00
-4.701411251827855686e+00
-4.724417517357268892e+00
-4.769434302788835289e+00
-4.835737271193448983e+00
-4.922259582989732429e+00
-5.027609061792260192e+00
-5.150090595050739850e+00
-5.287733409045504374e+00
-5.438322779374383131e+00
-5.599435666697400116e+00
-5.768479704346785475e+00
-5.942734910477084576e+00
-6.119397453591244762e+00
-6.295624767238982677e+00
-6.468581287975054828e+00
-6.635484080636548931e+00
-6.793647616811415269e+00
-6.940526985995914444e+00
-7.073758844157277181e+00
-7.191199440823885958e+00
-7.290959112832847921e+00
-7.371432689717665632e+00
-7.431325321501906167e+00
-7.469673313320052799e+00
-7.485859631628622779e+00
-7.479623832506872461e+00
-7.451066252296968173e+00
-7.400646393154688418e+00
-7.329175529487718777e+00
-7.237803654246754981e+00
-7.128000975108423454e+00
-7.001534258283421686e+00
-6.860438400586811092e+00
-6.706983687186531817e+00
-6.543639261865187073e+00
-6.373033397572290149e+00
-6.197911206528638139e+00
-6.021090470343090750e+00
-5.845416300851663749e+00
-5.673715361203064411e+00
-5.508750383790492755e+00
-5.353175716853248112e+00
-5.209494615019923280e+00
-5.080018961004368450e+00
-4.966832066547408608e+00
-4.871755151151055507e+00
-4.796318037974979021e+00
-4.741734538409189348e+00
-4.708882921394402565e+00
-4.698291781746006812e+00
-4.710131534865617198e+00
-4.744211674693463721e+00
-4.799983839022210930e+00
-4.876550632850145561e+00
-4.972680067802684789e+00
-5.086825385286504186e+00
-5.217149944414310347e+00
-5.361556774244247592e+00
-5.517722314827333996e+00
-5.683133804156821789e+00
-5.855129709449529152e+00
-6.030942552204622054e+00
