-4.480833550448605429e+00
-4.626899223295977137e+00
-4.770537049213306346e+00
-4.909435841812427093e+00
-5.041360667525266237e+00
-5.164188806521575081e+00
-5.275943908065613641e+00
-5.374827790739309386e+00
-5.459249375854408726e+00
-5.527850288504166265e+00
-5.579526714324093639e+00
-5.613447160278274950e+00
-5.629065833693582377e+00
-5.626131424268094428e+00
-5.604691147747928426e+00
-5.565089986208213269e+00
-5.507965137162361025e+00
-5.434235760815540495e+00
-5.345088190432911723e+00
-5.241956843793292187e+00
-5.126501142870134586e+00
-5.000578813110798215e+00
-4.866215991938674712e+00
-4.725574627443588582e+00
-4.580917691827730565e+00
-4.434572769335805908e+00
-4.288894604553236789e+00
-4.146227213684304580e+00
-4.008866168453979029e+00
-3.879021659499526820e+00
-3.758782933575814056e+00
-3.650084676792927141e+00
-3.554675884792434459e+00
-3.474091720752798818e+00
-3.409628814039167288e+00
-3.362324396951503314e+00
-3.332939615268607714e+00
-3.321947281127609841e+00
-3.329524265299692587e+00
-3.355548651273170258e+00
-3.399601696935802941e+00
-3.460974572292131235e+00
-3.538679764803446925e+00
-3.631466968834205833e+00
-3.737843203537737580e+00
-3.856096835476953366e+00
-3.984325119447072794e+00
-4.120464814358245853e+00
-4.262325381557035442e+00
-4.407624231413352689e+00
-4.554023451042071180e+00
-4.699167422196510735e+00
-4.840720724047835155e+00
-4.976405710980418284e+00
-5.104039160762413374e+00
-5.221567403408723607e+00
-5.327099365499837980e+00
-5.418936998261039584e+00
-5.495602599802849042e+00
-5.555862591897580138e+00
-5.598747368714798611e+00
-5.623566898142095205e+00
-5.629921824660083729e+00
-5.617709895122193764e+00
-5.587127604046086660e+00
-5.538667031943303343e+00
-5.473107927559627051e+00
-5.391505161425887316e+00
-5.295171752596222525e+00
-5.185657741679998267e+00
-5.064725250108154775e+00
-4.934320126939763185e+00
-4.796540639422249619e+00
-4.653603711085921191e+00
-4.507809250614492669e+00
-4.361503145453418107e+00
-4.217039515602733601e+00
-4.076742834945020100e+00
-3.942870529590496442e+00
-3.817576655045864964e+00
-3.702877236654857906e+00
-3.600617830995782143e+00
-3.512443830185318916e+00
-3.439773986903421843e+00
-3.383777586131610171e+00
-3.345355630919905732e+00
-3.325126344910479315e+00
-3.323415224887821040e+00
-3.340249803413633423e+00
-3.375359205817606956e+00
-3.428178508672262481e+00
-3.497857829622376347e+00
-3.583276002310214370e+00
-3.683058616361928106e+00
-3.795600132164957508e+00
-3.919089714601421193e+00
-4.051540370063023921e+00
-4.190820917922018829e+00
-4.334690282025295716e+00
-4.480833550448604541e+00
