-3.481949050559373315e+00
-3.605783678684228999e+00
-3.726740741172374083e+00
-3.842873993609500882e+00
-3.952314808490759113e+00
-4.053302242136807010e+00
-4.144211368936806750e+00
-4.223579427009766185e+00
-4.290129354590780153e+00
-4.342790338432876318e+00
-4.380715043593006008e+00
-4.403293247368467611e+00
-4.410161658008628471e+00
-4.401209760215174072e+00
-4.376581593374644363e+00
-4.336673433910768871e+00
-4.282127419048480377e+00
-4.213821214585582453e+00
-4.132853892921515282e+00
-4.040528248571035874e+00
-3.938329835712776728e+00
-3.827903065066418087e+00
-3.711024744708642853e+00
-3.589575490566051297e+00
-3.465509466600917410e+00
-3.340822941581520489e+00
-3.217522168370376523e+00
-3.097591102564668741e+00
-2.982959479908015243e+00
-2.875471766119980899e+00
-2.776857478752194908e+00
-2.688703358603520499e+00
-2.612427838466622632e+00
-2.549258220013360887e+00
-2.500210926051464000e+00
-2.466075145901062804e+00
-2.447400137043112434e+00
-2.444486387360910395e+00
-2.457380780177571111e+00
-2.485875839885808070e+00
-2.529513070308120337e+00
-2.587590332071922017e+00
-2.659173140294883275e+00
-2.743109700796502626e+00
-2.838049442897629948e+00
-2.942464750608266844e+00
-3.054675542540686628e+00
-3.172876305047890533e+00
-3.295165143614051217e+00
-3.419574385049227505e+00
-3.544102238087572854e+00
-3.666745002958139654e+00
-3.785529311664265428e+00
-3.898543880213336976e+00
-4.003970261891707239e+00
-4.100112106753026175e+00
-4.185422456523892443e+00
-4.258528635741547497e+00
-4.318254338615933996e+00
-4.363638556230173826e+00
-4.393951039533801506e+00
-4.408704049323331375e+00
-4.407660204148634797e+00
-4.390836299869323334e+00
-4.358503039403082369e+00
-4.311180677014397666e+00
-4.249630647228679337e+00
-4.174843313065721873e+00
-4.088022030727977985e+00
-3.990563787148801556e+00
-3.884036721949745363e+00
-3.770154895487037194e+00
-3.650750708978801384e+00
-3.527745420483528793e+00
-3.403118231138711813e+00
-3.278874439073654834e+00
-3.157013173411906681e+00
-3.039495227535317312e+00
-2.928211509184520445e+00
-2.824952615045553284e+00
-2.731380019378880863e+00
-2.648999340276594783e+00
-2.579136113703706545e+00
-2.522914465128260453e+00
-2.481239021921759491e+00
-2.454780357566114013e+00
-2.443964201875301612e+00
-2.448964590843289990e+00
-2.469701066339745843e+00
-2.505839970711472908e+00
-2.556799815458949077e+00
-2.621760637603960831e+00
-2.699677193200863634e+00
-2.789295775702945512e+00
-2.889174388570067809e+00
-2.997705947532798731e+00
-3.113144139179898406e+00
-3.233631519794812892e+00
-3.357229402320394129e+00
-3.481949050559372871e+00
