-1.247721181742181829e-01
-2.188884319593716044e-01
-3.094827489359512906e-01
-3.950973726308715239e-01
-4.743547317000390562e-01
-5.459795455669571584e-01
-6.088193441645881610e-01
-6.618630116101462679e-01
-7.042570554381499814e-01
-7.353193396136878945e-01
-7.545500603565696851e-01
-7.616397881712446694e-01
-7.564744466832177272e-01
-7.391371481706165980e-01
-7.099068562565258311e-01
-6.692538972798641739e-01
-6.178323925685301754e-01
-5.564697333823732661e-01
-4.861532678780992045e-01
-4.080144143078255348e-01
-3.233104560758721657e-01
-2.334043115781360145e-01
-1.397426043349089264e-01
-4.383238627690899669e-02
5.278311128443258227e-02
1.485493088264613348e-01
2.419252923817603873e-01
3.314086074207077681e-01
4.155594339072848920e-01
4.930237535424363271e-01
5.625551364253623676e-01
6.230347965772095042e-01
6.734895936262741412e-01
7.131076910008692371e-01
7.412516186836612953e-01
7.574685303428814187e-01
7.614974897993198599e-01
7.532736695871281585e-01
7.329293940520120731e-01
7.007920102029756571e-01
6.573786205764070578e-01
6.033877628626965750e-01
5.396881701733102776e-01
4.673047927998238427e-01
3.874023063800559052e-01
3.012663718310689132e-01
2.102829485837465207e-01
1.159159939767263059e-01
1.968390763481181471e-02
-7.686490014938882065e-02
-1.721769229167019466e-01
-2.647185545418492270e-01
-3.530007655300961833e-01
-4.356030620592181712e-01
-5.111963422568506221e-01
-5.785642819471439324e-01
-6.366229057620754750e-01
-6.844380287108886574e-01
-7.212402875663010970e-01
-7.464375202068295190e-01
-7.596242937269959139e-01
-7.605884280045452916e-01
-7.493144097580389795e-01
-7.259836421613617974e-01
-6.909715259987462277e-01
-6.448414193256291060e-01
-5.883355728266507212e-01
-5.223631867242894966e-01
-4.479857814069303501e-01
-3.664001171684486136e-01
-2.789189378870885472e-01
-1.869498484850546927e-01
-9.197266603838755161e-02
4.484391033738821530e-03
1.008692925754538505e-01
1.956311694403779222e-01
2.872452675567455649e-01
3.742374817911886531e-01
4.552080748521489251e-01
5.288541995868702994e-01
5.939908622797991367e-01
6.495699896450521926e-01
6.946972927179190238e-01
7.286466562990749907e-01
7.508718224199484315e-01
7.610151798379215515e-01
7.589135181350903370e-01
7.446006538349863035e-01
7.183068862820531919e-01
6.804552920389839166e-01
6.316549174264565192e-01
5.726909787398399843e-01
5.045122278250697700e-01
4.282156863062880348e-01
3.450289940972603997e-01
2.562906562156029855e-01
1.634285057359986526e-01
6.793672942153661243e-02
-2.864817430064531267e-02
-1.247721181742178220e-01
