-7.367875940284988878e-02
-2.009696164195881041e-01
-3.250267970774886606e-01
-4.438541749003982462e-01
-5.555397728974944549e-01
-6.582865279887950560e-01
-7.504412064228241919e-01
-8.305210049265424610e-01
-8.972374095650806902e-01
-9.495169284132919385e-01
-9.865183644426769316e-01
-1.007646350696463466e+00
-1.012560929966812129e+00
-1.001183024833546709e+00
-9.736957100494484374e-01
-9.305412667989514386e-01
-8.724140662283212944e-01
-8.002493967539837660e-01
-7.152084149217881048e-01
-6.186594619635207293e-01
-5.121560466742611784e-01
-3.974118488743329514e-01
-2.762731456594972879e-01
-1.506891041113505303e-01
-2.268041846933202890e-02
1.056932035960093524e-01
2.323661824504651696e-01
3.553003024457059289e-01
4.725175075720450812e-01
5.821317291200979183e-01
6.823792332323428411e-01
7.716470000411227437e-01
8.484986777621300602e-01
9.116976941322998407e-01
9.602271533204155274e-01
9.933061981617007374e-01
1.010402574441902068e+00
1.011241195066840737e+00
9.958085663167329793e-01
9.643530049651948266e-01
9.173806427693963483e-01
8.556472826206277249e-01
7.801462373928506056e-01
6.920923471667204119e-01
5.929024319979300239e-01
4.841724947521386935e-01
3.676520408214249414e-01
2.452159279276133752e-01
1.188341989597059695e-01
-9.459616753667169156e-03
-1.376012236923767895e-01
-2.635287754324520115e-01
-3.852160505268772961e-01
-5.007050551671605731e-01
-6.081375280366712044e-01
-7.057848404308361134e-01
-7.920758105400951266e-01
-8.656219843533641267e-01
-9.252399764028315099e-01
-9.699705108791155661e-01
-9.990938567381368873e-01
-1.012141408443036461e+00
-1.008903226002682230e+00
-9.894314129847164851e-01
-9.540392781496449537e-01
-9.032962941956000913e-01
-8.380189347294491053e-01
-7.592575369008272013e-01
-6.682794010842122434e-01
-5.665483995415043772e-01
-4.557014221693457268e-01
-3.375220383279378122e-01
-2.139117985423708013e-01
-8.685963784285459510e-02
4.159012694445367309e-02
1.693706910204418603e-01
2.944260172759561311e-01
4.147439186985332760e-01
5.283884352146738239e-01
6.335309840121220448e-01
7.284797821218347291e-01
8.117070678392453997e-01
8.818736829819886491e-01
9.378506204463599172e-01
9.787371903542401164e-01
1.003875512490397526e+00
1.012861101841421974e+00
1.005549376911003989e+00
9.820579860903336789e-01
9.427649146514449630e-01
8.883024028226966795e-01
8.195467728068223101e-01
7.376043284286512014e-01
6.437935542924309029e-01
5.396239008709912133e-01
4.267714968825848665e-01
3.070521797523728669e-01
1.823922781085220157e-01
5.479761643346985067e-02
-7.367875940284938918e-02
