-2.226584846012302221e-01
-2.759634452802153248e-01
-3.248280508209247519e-01
-3.684660514283095711e-01
-4.061752953372173014e-01
-4.373490266971351015e-01
-4.614856485009571352e-01
-4.781967934685951716e-01
-4.872135730218963290e-01
-4.883909038025212035e-01
-4.817098421174895173e-01
-4.672778887502913037e-01
-4.453272592330392299e-01
-4.162111474116297893e-01
-3.803980424245482772e-01
-3.384641905372575699e-01
-2.910843231240757278e-01
-2.390207999877849987e-01
-1.831113427050246878e-01
-1.242555553725318007e-01
-6.340044964046795406e-02
-1.525206940465421990e-03
6.037457691015274408e-02
1.213029112177633900e-01
1.802794362755415769e-01
2.363551977181287123e-01
2.886279155526023654e-01
3.362565021813199162e-01
3.784745958162157309e-01
4.146028915268504811e-01
4.440600715110312180e-01
4.663721587158587978e-01
4.811801433059359479e-01
4.882457592660112700e-01
4.874553181903554799e-01
4.788215385717681793e-01
4.624833411562683239e-01
4.387036136562856292e-01
4.078649807889604406e-01
3.704636477012126505e-01
3.271014158431799213e-01
2.784759997576063961e-01
2.253698005916705549e-01
1.686373169696416818e-01
1.091913957901466808e-01
4.798854417785428095e-02
-1.398646107421456196e-02
-7.573641893193014396e-02
-1.362677494579803972e-01
-1.946064808849987393e-01
-2.498139211858972919e-01
-3.010017619799685296e-01
-3.473463717472616286e-01
-3.881020483680526212e-01
-4.226130177490984297e-01
-4.503239854742762116e-01
-4.707890716996087077e-01
-4.836789855268620042e-01
-4.887863234173660532e-01
-4.860289063925898878e-01
-4.754511023246691392e-01
-4.572231120407351246e-01
-4.316382307278930908e-01
-3.991081287038707459e-01
-3.601562274875008129e-01
-3.154092777505478895e-01
-2.655872746647807148e-01
-2.114918729101399331e-01
-1.539934877508436217e-01
-9.401728972795900252e-02
-3.252831831906809190e-02
2.948404590817480658e-02
9.102200079974435976e-02
1.510953776254149172e-01
2.087375732642900994e-01
2.630211032108508706e-01
3.130725251478477245e-01
3.580864929601445534e-01
3.973387150551850322e-01
4.301976084858444849e-01
4.561344613564782269e-01
4.747319399952378283e-01
4.856908040090744949e-01
4.888347211736820963e-01
4.841131046849933006e-01
4.716019271197930407e-01
4.515024980085204920e-01
4.241382246895637476e-01
3.899494085641236896e-01
3.494861604818449985e-01
3.033995492513203995e-01
2.524311256992374797e-01
1.974009908399878555e-01
1.391946001433490843e-01
7.874851622451939370e-02
1.703533920104282826e-02
-4.495194280716104801e-02
-1.062159312283581375e-01
-1.657708655553881971e-01
-2.226584846012299446e-01
