-2.867634487975552759e-01
-3.102522846006410817e-01
-3.287490450051558377e-01
-3.419561102121431162e-01
-3.496609735985106160e-01
-3.517396610281453562e-01
-3.481587256421719845e-01
-3.389757860314325244e-01
-3.243385991317906947e-01
-3.044826827597231778e-01
-2.797275260424884613e-01
-2.504714487184729332e-01
-2.171851920234934563e-01
-1.804043442880967074e-01
-1.407207231208291720e-01
-9.877285284137582444e-02
-5.523569038523210711e-02
-1.080976499394953674e-02
3.379009356259592145e-02
7.784625686478932605e-02
1.206498447531842988e-01
1.615121314756295390e-01
1.997756275424375783e-01
2.348246589783970772e-01
2.660952737475049124e-01
2.930843159523338071e-01
3.153575218007729775e-01
3.325565070730047146e-01
3.444045336577577499e-01
3.507109623721122449e-01
3.513743204173155332e-01
3.463839341141002337e-01
3.358201006461778992e-01
3.198527960484963129e-01
2.987389402292075502e-01
2.728182630321709934e-01
2.425078378565923565e-01
2.082953707899027063e-01
1.707313532342459306e-01
1.304202042937466777e-01
8.801054544486945630e-02
4.418476397405643463e-02
-3.519668891531144150e-04
-4.488303447336176172e-02
-8.869191723145000705e-02
-1.310737138404933222e-01
-1.713464853279172140e-01
-2.088622277248443904e-01
-2.430172986925247525e-01
-2.732621303535331392e-01
-2.991100720446420169e-01
-3.201452207081639800e-01
-3.360291129278389355e-01
-3.465061709319012806e-01
-3.514078149351004821e-01
-3.506551756505513762e-01
-3.442603633260842844e-01
-3.323262728858236703e-01
-3.150449283123415989e-01
-2.926943929088968721e-01
-2.656342951567942645e-01
-2.343000421584994775e-01
-1.991958137743691792e-01
-1.608864501799653624e-01
-1.199883633761878177e-01
-7.715961888943466407e-02
-3.308934725094082180e-02
1.151334437143364427e-02
5.593078197298473331e-02
9.944827235555055156e-02
1.413656028086080207e-01
1.810083077938995089e-01
2.177385213484252513e-01
2.509652405865629432e-01
2.801538351577343988e-01
3.048346496488763546e-01
3.246105605158501883e-01
3.391633659499230236e-01
3.482589058639867785e-01
3.517508296160140047e-01
3.495829508456735901e-01
3.417901515339004104e-01
3.284978207387651561e-01
3.099198370385915502e-01
2.863551271455681557e-01
2.581828560630493596e-01
2.258563261787168985e-01
1.898956834594709153e-01
1.508795481081140200e-01
1.094357043476869296e-01
6.623099913831868857e-02
2.196061236000796182e-02
-2.266312889187597351e-02
-6.692221191621054721e-02
-1.101044914992583695e-01
-1.515151485977429824e-01
-1.904878702373506150e-01
-2.263955707379124715e-01
-2.586604817567433878e-01
-2.867634487975551649e-01
