-5.483113556160744000e+15
-5.483113564114782000e+15
-5.483113571940836000e+15
-5.483113579512985000e+15
-5.483113586709386000e+15
-5.483113593414248000e+15
-5.483113599519689000e+15
-5.483113604927468000e+15
-5.483113609550572000e+15
-5.483113613314613000e+15
-5.483113616159028000e+15
-5.483113618038048000e+15
-5.483113618921439000e+15
-5.483113618794987000e+15
-5.483113617660728000e+15
-5.483113615536910000e+15
-5.483113612457708000e+15
-5.483113608472667000e+15
-5.483113603645907000e+15
-5.483113598055094000e+15
-5.483113591790185000e+15
-5.483113584951986000e+15
-5.483113577650525000e+15
-5.483113570003284000e+15
-5.483113562133313000e+15
-5.483113554167242000e+15
-5.483113546233246000e+15
-5.483113538458987000e+15
-5.483113530969557000e+15
-5.483113523885462000e+15
-5.483113517320689000e+15
-5.483113511380868000e+15
-5.483113506161571000e+15
-5.483113501746780000e+15
-5.483113498207530000e+15
-5.483113495600770000e+15
-5.483113493968442000e+15
-5.483113493336812000e+15
-5.483113493716042000e+15
-5.483113495100032000e+15
-5.483113497466511000e+15
-5.483113500777402000e+15
-5.483113504979432000e+15
-5.483113510004990000e+15
-5.483113515773210000e+15
-5.483113522191281000e+15
-5.483113529155934000e+15
-5.483113536555104000e+15
-5.483113544269738000e+15
-5.483113552175701000e+15
-5.483113560145786000e+15
-5.483113568051750000e+15
-5.483113575766383000e+15
-5.483113583165555000e+15
-5.483113590130209000e+15
-5.483113596548282000e+15
-5.483113602316505000e+15
-5.483113607342064000e+15
-5.483113611544097000e+15
-5.483113614854991000e+15
-5.483113617221472000e+15
-5.483113618605465000e+15
-5.483113618984699000e+15
-5.483113618353070000e+15
-5.483113616720746000e+15
-5.483113614113988000e+15
-5.483113610574740000e+15
-5.483113606159952000e+15
-5.483113600940658000e+15
-5.483113595000838000e+15
-5.483113588436066000e+15
-5.483113581351973000e+15
-5.483113573862544000e+15
-5.483113566088286000e+15
-5.483113558154291000e+15
-5.483113550188219000e+15
-5.483113542318246000e+15
-5.483113534671006000e+15
-5.483113527369544000e+15
-5.483113520531343000e+15
-5.483113514266432000e+15
-5.483113508675617000e+15
-5.483113503848855000e+15
-5.483113499863811000e+15
-5.483113496784606000e+15
-5.483113494660786000e+15
-5.483113493526524000e+15
-5.483113493400069000e+15
-5.483113494283458000e+15
-5.483113496162475000e+15
-5.483113499006887000e+15
-5.483113502770927000e+15
-5.483113507394027000e+15
-5.483113512801804000e+15
-5.483113518907242000e+15
-5.483113525612103000e+15
-5.483113532808503000e+15
-5.483113540380651000e+15
-5.483113548206705000e+15
-5.483113556160744000e+15
