-2.960350141416077108e-01
-3.140536685319723631e-01
-3.270190818333069127e-01
-3.347226356921405577e-01
-3.370403770431487089e-01
-3.339350125603738340e-01
-3.254565087208011187e-01
-3.117412878250389596e-01
-2.930100329114341262e-01
-2.695641368833746054e-01
-2.417808529846513510e-01
-2.101072246535451438e-01
-1.750528924265590813e-01
-1.371818936314084247e-01
-9.710358681527650471e-02
-5.546284693768459284e-02
-1.292968909099143082e-02
2.981151229325504359e-02
7.207303528510899948e-02
1.131748761595201269e-01
1.524556909108213953e-01
1.892834365253467377e-01
2.230655407901187548e-01
2.532584370015780184e-01
2.793763101573214502e-01
3.009989139013499182e-01
3.177783324452510549e-01
3.294445786634725981e-01
3.358099382872392624e-01
3.367719902974060098e-01
3.323152549169964276e-01
3.225114426866085293e-01
3.075183006149724285e-01
2.875770739705300061e-01
2.630086245547573753e-01
2.342082679156682889e-01
2.016394125726658770e-01
1.658261035999920863e-01
1.273445905453148286e-01
8.681405535879173352e-02
4.488664952371050620e-02
2.237000694995522343e-03
-4.044864231229691742e-02
-8.248345152330438523e-02
-1.231910711225775168e-01
-1.619165002723390867e-01
-1.980366323211532609e-01
-2.309702808232024229e-01
-2.601875310457586465e-01
-2.852182664956019464e-01
-3.056597332693788971e-01
-3.211830205146730677e-01
-3.315383527287452115e-01
-3.365591087398722703e-01
-3.361645027043732581e-01
-3.303608839810756592e-01
-3.192416349677547061e-01
-3.029856685433968688e-01
-2.818545492930023544e-01
-2.561882848354999354e-01
-2.263998549738791000e-01
-1.929685666955671397e-01
-1.564323419435769691e-01
-1.173790622510808290e-01
-7.643710950747310828e-02
-3.426525505854439990e-02
8.457940171077954483e-03
5.104504397721518205e-02
9.281081391763845723e-02
1.330832231194745419e-01
1.712142734431566504e-01
2.065904220150591442e-01
2.386424533620093713e-01
2.668546383013283840e-01
2.907730322164386871e-01
3.100127791956716616e-01
3.242643045079556807e-01
3.332982957761227438e-01
3.369693926988981403e-01
3.352185259525617966e-01
3.280738676384789554e-01
3.156503779834430312e-01
2.981479555865932385e-01
2.758482209761237702e-01
2.491099852295642070e-01
2.183634765692248902e-01
1.841034178290506806e-01
1.468810661790264649e-01
1.072953431909570710e-01
6.598319796617652111e-02
2.360935838607539083e-02
-1.914436460834742504e-02
-6.159004760975089754e-02
-1.030447236895935814e-01
-1.428413715916722060e-01
-1.803396483538289852e-01
-2.149361926659160149e-01
-2.460743331791354349e-01
-2.732530455564282090e-01
-2.960350141416075997e-01
