-3.113664614351863147e-01
-3.133358710195928709e-01
-3.102635891456426154e-01
-3.021990499787605700e-01
-2.892720149730085288e-01
-2.716904849607148509e-01
-2.497373533412191871e-01
-2.237658542201797773e-01
-1.941938787405836642e-01
-1.614972510578239484e-01
-1.262020721509197474e-01
-8.887625466082428594e-02
-5.012038496344027594e-02
-1.055805951000940955e-02
2.917414907322472134e-02
6.843693467686609577e-02
1.065985443829834262e-01
1.430449436060489965e-01
1.771896961392765701e-01
2.084834001327142416e-01
2.364225281746720753e-01
2.605575292362663498e-01
2.805000621157579532e-01
2.959292439938600583e-01
3.065968135584183352e-01
3.123311256218582188e-01
3.130399129565055727e-01
3.087117709088197381e-01
2.994163409045376700e-01
2.853031898920647680e-01
2.665994037542862571e-01
2.436059334117045838e-01
2.166927524094708624e-01
1.862929039045484181e-01
1.528955328392127000e-01
1.170380154158232322e-01
7.929731251256888491e-02
4.028068616695721499e-02
6.159285023114764463e-04
-3.905873968250240386e-02
-7.810493812463809027e-02
-1.158943988746702902e-01
-1.518190753630838663e-01
-1.853009260971944794e-01
-2.158012155651470587e-01
-2.428291826919728447e-01
-2.659499373689946378e-01
-2.847914579984729411e-01
-2.990505774603743339e-01
-3.084978611848207541e-01
-3.129812988402047580e-01
-3.124287502363283231e-01
-3.068491060870678910e-01
-2.963321449554603970e-01
-2.810470886830154780e-01
-2.612398795469410007e-01
-2.372292229568350452e-01
-2.094014593653437950e-01
-1.782043479056547308e-01
-1.441398617794317771e-01
-1.077561113200909276e-01
-6.963852469235876086e-02
-3.040042813395171795e-02
9.326822693178254617e-03
4.890400145178728369e-02
8.769429652039069378e-02
1.250735575306380354e-01
1.604403381803803097e-01
1.932255737298192722e-01
2.229017374661916018e-01
2.489913288060513485e-01
2.710745564584034484e-01
2.887960930237215562e-01
3.018707923448178398e-01
3.100882776152539821e-01
3.133163264209078425e-01
3.115029982481141713e-01
3.046774702259714140e-01
2.929495676554130790e-01
2.765079968790041254e-01
2.556173089252483099e-01
2.306136427835079883e-01
2.018993168018372031e-01
1.699363552341557615e-01
1.352390540970518640e-01
9.836570595435346898e-02
5.990961678078813440e-02
2.048955944674929128e-02
-1.926018256881685195e-02
-5.870002103702517959e-02
-9.719535419307469282e-02
-1.341267777162033770e-01
-1.689000511770737678e-01
-2.009556595887289354e-01
-2.297778162121790757e-01
-2.549027617581129945e-01
-2.759262264474647841e-01
-2.925099348634918606e-01
-3.043870489298616810e-01
-3.113664614351862592e-01
