2.070710894484138809e+00
2.034306756621569789e+00
1.965169861525804196e+00
1.864412647719527971e+00
1.733656336490179806e+00
1.575004845832549183e+00
1.391010937620663634e+00
1.184635142713640343e+00
9.591981249059192693e-01
7.183272502037618690e-01
4.658982211483454483e-01
2.059727153110531561e-01
-5.726696861909309766e-02
-3.195852055869317088e-01
-5.767611969638590796e-01
-8.246568847777687727e-01
-1.059283534614857691e+00
-1.276865915849480171e+00
-1.473903046518128424e+00
-1.647224525429778152e+00
-1.794041545107853963e+00
-1.911991764746485689e+00
-1.999177321158390752e+00
-2.054195366103999110e+00
-2.076160638644767964e+00
-2.064719709323071140e+00
-2.020056666974474169e+00
-1.942890156669458968e+00
-1.834461816445220217e+00
-1.696516298884859886e+00
-1.531273199004229868e+00
-1.341391340137247701e+00
-1.129925992473156171e+00
-9.002797126154723495e-01
-6.561475951725317390e-01
-4.014578173020161844e-01
-1.403084328700321126e-01
1.230985667696680858e-01
3.845248643895208818e-01
6.397640129989218272e-01
8.847091191509256491e-01
1.115418924395187972e+00
1.328181221601784312e+00
1.519572585763563799e+00
1.686513458186021275e+00
1.826317697739501478e+00
1.936735801875490548e+00
2.015991101964703436e+00
2.062808350560402015e+00
2.076434240607186510e+00
2.056649526433510289e+00
2.003772551496607157e+00
1.918654126117092629e+00
1.802663837622422660e+00
1.657668013174091959e+00
1.485999689864984541e+00
1.290421075279187368e+00
1.074079102537977226e+00
8.404547949678666807e-01
5.933072551322134958e-01
3.366131794637870489e-01
7.450287173054806478e-02
-1.888062150981238418e-01
-4.490773392484469495e-01
-7.021226409033674010e-01
-9.438705264346782808e-01
-1.170431181868667014e+00
-1.378159161449038272e+00
-1.563712044223786624e+00
-1.724104214849495387e+00
-1.856754903259847822e+00
-1.959529710222070564e+00
-2.030774950619585351e+00
-2.069344261864565659e+00
-2.074617049301107574e+00
-2.046508471805546847e+00
-1.985470806911908692e+00
-1.892486173497075486e+00
-1.769050729120407839e+00
-1.617150596288558617e+00
-1.439229905000845022e+00
-1.238151465782631577e+00
-1.017150705992327708e+00
-7.797836105840304510e-01
-5.298695049784793998e-01
-2.714296006873136990e-01
-8.622292514567529362e-03
2.543237515723933417e-01
5.131776312934056561e-01
7.637742908248124074e-01
1.002081536106791404e+00
1.224264914355203571e+00
1.426749411842260562e+00
1.606276977205672196e+00
1.759958944714673512e+00
1.885322513982983672e+00
1.980350538252677595e+00
2.043513981040614436e+00
2.073796518907835562e+00
2.070710894484138809e+00
