4.273623956484144670e-02
2.935458141648455976e-02
1.550059706458912362e-02
1.397202303455614969e-03
-1.272867396576700394e-02
-2.664974110604885135e-02
-4.014200393591268318e-02
-5.298836689575377873e-02
-6.498212719666121573e-02
-7.593030074566821386e-02
-8.565672733204943157e-02
-9.400490511105491498e-02
-1.008405087771768599e-01
-1.060535509085983596e-01
-1.095601517059829749e-01
-1.113038886498453894e-01
-1.112567043600111438e-01
-1.094193580493665885e-01
-1.058214133078392571e-01
-1.005207624131692762e-01
-9.360269482248907702e-02
-8.517852483303114952e-02
-7.538380049341622535e-02
-6.437612258481029137e-02
-5.233260876535934802e-02
-3.944704368076833861e-02
-2.592676089681014706e-02
-1.198930682463984071e-02
2.141059682396952157e-03
1.623697573766310492e-02
3.007163277518659292e-02
4.342242598439013945e-02
5.607453610482297790e-02
6.782438594847658986e-02
7.848291603294640928e-02
8.787862661927622887e-02
9.586033720695651128e-02
1.022996190847707543e-01
1.070928617968343322e-01
1.101629402736153118e-01
1.114604558031739856e-01
1.109645308749298426e-01
1.086831451066220949e-01
1.046530068492731447e-01
9.893896253607926961e-02
9.163295327902595822e-02
8.285253550197924088e-02
7.273898941381923278e-02
6.145504575699324568e-02
4.918226740895327576e-02
3.611812796749139243e-02
2.247283432663010200e-02
8.465944369008167325e-03
-5.677165802639133618e-03
-1.972892825134089229e-02
-3.346324485918282521e-02
-4.665912533066277762e-02
-5.910424300926950258e-02
-7.059835129286884392e-02
-8.095650567649131935e-02
-9.001203957864954697e-02
-9.761924606902352974e-02
-1.036557223475136902e-01
-1.080243392511140710e-01
-1.106548040985047276e-01
-1.115047917256070664e-01
-1.105606255133180088e-01
-1.078374974494309552e-01
-1.033792236838653178e-01
-9.725753951041214707e-02
-8.957094511900370870e-02
-8.044312069078544958e-02
-7.002093633770264947e-02
-5.847208890742026932e-02
-4.598240367826857827e-02
-3.275284436095384638e-02
-1.899627951722373392e-02
-4.934057425024430954e-03
9.207555498150936379e-03
2.320101540661916040e-02
3.682116229216368664e-02
4.984884289285215070e-02
6.207443695105790971e-02
7.330123008187512668e-02
8.334857898120913433e-02
9.205481804416110192e-02
9.927986062512825227e-02
1.049074530843719932e-01
1.088470453525990506e-01
1.110352479154730343e-01
1.114368517746289061e-01
1.100453949736371895e-01
1.068832665733015219e-01
1.020013464032893807e-01
9.547818638662661228e-02
8.741874660985061996e-02
7.795270647592743296e-02
6.723237811411453269e-02
5.543025562078406770e-02
4.273623956484150221e-02
