6.900021664816162296e-03
3.421081381788035943e-03
-1.129053813152243273e-04
-3.645075454568300326e-03
-7.118594899265624429e-03
-1.047757348727027145e-02
-1.366796399570655018e-02
-1.663843184700800407e-02
-1.934118110148699138e-02
-2.173272351189607654e-02
-2.377457826560561149e-02
-2.543389115528373393e-02
-2.668396321539098434e-02
-2.750468031853024395e-02
-2.788283681928607413e-02
-2.781234803800280986e-02
-2.729434816555794188e-02
-2.633717201380637515e-02
-2.495622090533758733e-02
-2.317371486042988163e-02
-2.101833506860628989e-02
-1.852476239755871182e-02
-1.573311936500432218e-02
-1.268832455235613561e-02
-9.439369847933294297e-03
-6.038532149138525415e-03
-2.540532207609596041e-03
9.983458481585556332e-04
4.521160145510641493e-03
7.971227283677563211e-03
1.129303439091357102e-02
1.443313234738324846e-02
1.734099580150771924e-02
1.996983614178515429e-02
2.227735434306455861e-02
2.422642157369467655e-02
2.578567661232391423e-02
2.693003046169170633e-02
2.764107003998609799e-02
2.790735445422293237e-02
2.772459908849663618e-02
2.709574454505410401e-02
2.603090932890373896e-02
2.454722703728211969e-02
2.266857067366071302e-02
2.042516852218340465e-02
1.785311776325908262e-02
1.499380365641619917e-02
1.189323363598496393e-02
8.601297034256594892e-03
5.170962343451157572e-03
1.657424932849800234e-03
-1.882781065358948977e-03
-5.392692411428777477e-03
-8.815833317906841826e-03
-1.209712416619474103e-02
-1.518376775823037164e-02
-1.802609884316858438e-02
-2.057838324985905923e-02
-2.279955376678003548e-02
-2.465387092884484266e-02
-2.611149807877369278e-02
-2.714898145007843544e-02
-2.774962754694487027e-02
-2.790377174882952352e-02
-2.760893381782198244e-02
-2.686985780660131051e-02
-2.569843572485258978e-02
-2.411351619237945068e-02
-2.214060115775562734e-02
-1.981143556242606282e-02
-1.716349655271582481e-02
-1.423939045851638739e-02
-1.108616724148864426e-02
-7.754563443567098757e-03
-4.298185817007656347e-03
-7.726487716765196873e-04
2.765320481623004430e-03
6.258794693207593574e-03
9.651562555271170005e-03
1.288903316286986282e-02
1.591911440201784766e-02
1.869305113130136087e-02
2.116620967035520717e-02
2.329879597248778189e-02
2.505649592578882562e-02
2.641102748003507084e-02
2.734059571546554324e-02
2.783024353119906494e-02
2.787209231058649511e-02
2.746546869110188735e-02
2.661691539899758638e-02
2.534008597438965060e-02
2.365552508068628074e-02
2.159033793326306169e-02
1.917775416640088437e-02
1.645659315603128017e-02
1.347063940144627159e-02
1.026793801631426147e-02
6.900021664816176174e-03
