1.889045803484710739e-01
1.744334660315751961e-01
1.571556519490849846e-01
1.373491445973372693e-01
1.153326380939580786e-01
9.146038627021081668e-02
6.611650259424028953e-02
3.970877964158206486e-02
1.266212755996936300e-02
-1.458826289400392065e-02
-4.160392273706558369e-02
-6.795015988934156870e-02
-9.320305353264334014e-02
-1.169562751551220109e-01
-1.388276265291287503e-01
-1.584651894237689429e-01
-1.755529881009737225e-01
-1.898160734834074825e-01
-2.010249471880462269e-01
-2.089992542410703535e-01
-2.136106850569071680e-01
-2.147850399874943472e-01
-2.125034232223924902e-01
-2.068025468294489022e-01
-1.977741400438829678e-01
-1.855634733105540612e-01
-1.703670208281228837e-01
-1.524292992056475449e-01
-1.320389330988119836e-01
-1.095240111311723274e-01
-8.524680682538800236e-02
-5.959794948662910929e-02
-3.299013883082874132e-02
-5.851504491764138519e-03
2.138128274501565132e-02
4.827003713859293055e-02
7.438210856528115755e-02
9.929734402107398550e-02
1.226148480407577568e-01
1.439594332560186762e-01
1.629876573006448504e-01
1.793933489267634240e-01
1.929125344148293342e-01
2.033276850095895039e-01
2.104712170391830617e-01
2.142281883991555835e-01
2.145381480139464669e-01
2.113961085173237664e-01
2.048526265009743552e-01
1.950129890400179311e-01
1.820355195845553831e-01
1.661290304760906500e-01
1.475494630787883843e-01
1.265957695871173516e-01
1.036051027731303559e-01
7.894739107215449636e-02
5.301938629578667461e-02
2.623827974672713129e-02
-9.650105454533450125e-04
-2.815277345671680920e-02
-5.488754770439745884e-02
-8.073916076299683664e-02
-1.052916505011507603e-01
-1.281499581680320687e-01
-1.489462850365383395e-01
-1.673460104224911704e-01
-1.830530758567069649e-01
-1.958147487765908579e-01
-2.054256890876778596e-01
-2.117312531626184269e-01
-2.146299821150320086e-01
-2.140752343109685596e-01
-2.100759358502589658e-01
-2.026964369422269985e-01
-1.920554764867326847e-01
-1.783242715208254170e-01
-1.617237622725239410e-01
-1.425210571498416179e-01
-1.210251348665122018e-01
-9.758187285882444217e-02
-7.256848198819514095e-02
-4.638743707720528048e-02
-1.946000093904411143e-02
7.780553898852024877e-03
3.489591671195550054e-02
6.144979116228198313e-02
8.701491546978991354e-02
1.111799372143639081e-01
1.335560321502379244e-01
1.537831605336622831e-01
1.715358602971560065e-01
1.865284838560073710e-01
1.985197942848397068e-01
2.073168469100450384e-01
2.127780938618089035e-01
2.148156616323231294e-01
2.133967649934200572e-01
2.085442345231673655e-01
2.003361492533199950e-01
1.889045803484711294e-01
