2.046414063537469019e+00
2.035456816017078285e+00
1.991748306377305600e+00
1.915991820900030174e+00
1.809406309795141388e+00
1.673706773835369255e+00
1.511076669351854473e+00
1.324132775604431878e+00
1.115883089823776597e+00
8.896784274099560630e-01
6.491585060583014988e-01
3.981933813392066202e-01
1.408211760552864067e-01
-1.188168946661379288e-01
-3.765431570746568535e-01
-6.282106991312779165e-01
-8.697700958754830403e-01
-1.097334566188697069e+00
-1.307242512557459380e+00
-1.496116437548089095e+00
-1.660917289004722575e+00
-1.798993359536133596e+00
-1.908122953480296369e+00
-1.986550134819249358e+00
-2.033012980846942597e+00
-2.046763886977962965e+00
-2.027581595985170626e+00
-1.975774758111307428e+00
-1.892176964771052239e+00
-1.778133335753115718e+00
-1.635478875739307281e+00
-1.466508948392292844e+00
-1.273942343095018526e+00
-1.060877528611794407e+00
-8.307427975660015562e-01
-5.872411039284326506e-01
-3.342904811017561317e-01
-7.596099929638366888e-02
1.835907234227854845e-01
4.401884026770244152e-01
6.897032857527618521e-01
9.281205847783078333e-01
1.151604076163586177e+00
1.356557826873755479e+00
1.539684054337825847e+00
1.698036189004721530e+00
1.829066285750364784e+00
1.930666021268520716e+00
2.001200617782018742e+00
2.039535147229147860e+00
2.045052792681016474e+00
2.017664773156838898e+00
1.957811772143144946e+00
1.866456846831523908e+00
1.745069932167895743e+00
1.595604189048984267e+00
1.420464577232339431e+00
1.222469158633577191e+00
1.004803753655238774e+00
7.709706801439503154e-01
5.247323997852058053e-01
2.700509786864273565e-01
1.102433625012849520e-02
-2.481796918832654963e-01
-5.033904158710685861e-01
-7.505013996291366452e-01
-9.855365349256751673e-01
-1.204714018451077173e+00
-1.404507202448872283e+00
-1.581701339798273098e+00
-1.733445310498758163e+00
-1.857297497258155516e+00
-1.951265072028878667e+00
-2.013836061357193508e+00
-2.044003674602084430e+00
-2.041282503573542240e+00
-2.005716332932057089e+00
-1.937877435677033411e+00
-1.838857365060007965e+00
-1.710249391084226911e+00
-1.554122864193864695e+00
-1.372989918650739716e+00
-1.169765051353663710e+00
-9.477182264923195154e-01
-7.104222605993801842e-01
-4.616953345950544074e-01
-2.055395578268007506e-01
5.392342736823753369e-02
3.125187644313107693e-01
5.660855575869104817e-01
8.105438222133661830e-01
1.041960133322723525e+00
1.256610915841219978e+00
1.451042358326101844e+00
1.622125986084625771e+00
1.767108999502987166e+00
1.883658567622574553e+00
1.969899364263360653e+00
2.024443742724156614e+00
2.046414063537469019e+00
